100 4950
0 76 45
0 95 79
0 52 51
0 20 28
0 38 43
0 98 66
0 2 31
0 25 13
0 81 17
0 55 77
0 78 76
0 70 31
0 6 54
0 9 14
0 23 88
0 90 70
0 48 88
0 19 28
0 17 54
0 39 51
0 68 62
0 28 84
0 62 97
0 26 16
0 27 15
0 97 23
0 18 48
0 3 8
0 89 85
0 32 5
0 14 26
0 37 19
0 60 70
0 42 4
0 56 95
0 79 70
0 8 77
0 50 76
0 59 4
0 77 37
0 13 21
0 11 20
0 36 2
0 99 43
0 30 79
0 34 32
0 1 26
0 72 73
0 84 85
0 31 5
0 16 45
0 58 61
0 51 20
0 49 94
0 71 80
0 12 66
0 73 39
0 82 52
0 67 84
0 57 91
0 75 19
0 96 73
0 43 69
0 10 51
0 35 55
0 88 3
0 41 63
0 22 72
0 44 20
0 61 38
0 5 17
0 46 79
0 69 3
0 40 30
0 33 72
0 21 70
0 15 14
0 63 43
0 92 49
0 66 95
0 74 42
0 80 28
0 85 44
0 53 12
0 45 24
0 54 58
0 4 27
0 65 74
0 64 38
0 24 92
0 7 31
0 83 60
0 86 98
0 94 78
0 47 29
0 87 31
0 93 50
0 29 67
0 91 72
1 8 2
1 2 15
1 91 15
1 94 40
1 95 32
1 90 34
1 27 32
1 33 1
1 40 19
1 47 13
1 98 32
1 55 57
1 48 45
1 13 14
1 88 81
1 99 92
1 57 10
1 12 25
1 18 47
1 96 64
1 85 39
1 30 14
1 7 18
1 82 48
1 80 76
1 54 63
1 36 83
1 60 69
1 67 54
1 28 15
1 44 45
1 59 98
1 92 74
1 21 63
1 77 37
1 62 18
1 63 75
1 14 76
1 97 42
1 51 83
1 20 40
1 38 47
1 73 100
1 76 29
1 17 4
1 42 4
1 22 38
1 69 72
1 66 35
1 78 85
1 58 99
1 50 46
1 45 83
1 89 64
1 0 26
1 37 52
1 35 96
1 39 87
1 46 95
1 84 85
1 68 86
1 3 14
1 70 87
1 74 50
1 52 90
1 87 97
1 53 37
1 86 74
1 11 70
1 75 35
1 19 64
1 24 30
1 72 56
1 79 61
1 32 75
1 4 59
1 61 3
1 43 63
1 83 13
1 10 19
1 23 25
1 29 88
1 6 93
1 93 25
1 34 5
1 64 29
1 49 66
1 81 84
1 25 81
1 16 80
1 5 89
1 26 44
1 31 37
1 9 93
1 56 14
1 15 12
1 65 82
1 71 76
1 41 93
2 83 44
2 45 23
2 1 15
2 24 8
2 25 65
2 0 31
2 97 90
2 10 63
2 66 46
2 6 80
2 61 29
2 58 13
2 22 48
2 28 9
2 51 40
2 65 27
2 70 64
2 54 23
2 81 62
2 98 55
2 8 58
2 39 25
2 37 5
2 75 39
2 23 65
2 18 29
2 92 67
2 93 75
2 99 43
2 14 44
2 47 2
2 49 29
2 3 46
2 77 84
2 62 22
2 67 15
2 9 97
2 94 80
2 59 42
2 29 9
2 69 7
2 4 98
2 33 46
2 34 28
2 63 51
2 52 28
2 64 85
2 31 21
2 57 78
2 20 19
2 32 79
2 38 94
2 26 30
2 71 86
2 72 57
2 15 6
2 55 55
2 73 43
2 43 21
2 90 10
2 89 82
2 76 48
2 44 92
2 40 88
2 13 29
2 80 84
2 12 42
2 11 62
2 82 40
2 21 70
2 68 78
2 79 24
2 74 45
2 36 28
2 17 71
2 84 27
2 27 42
2 48 66
2 85 39
2 46 54
2 53 34
2 56 87
2 96 19
2 86 56
2 87 87
2 16 16
2 42 78
2 35 36
2 91 45
2 7 68
2 41 40
2 88 39
2 19 25
2 30 42
2 60 66
2 78 86
2 95 69
2 5 2
2 50 46
3 90 3
3 87 82
3 7 87
3 65 2
3 91 32
3 21 71
3 8 39
3 13 40
3 68 31
3 70 1
3 98 26
3 48 6
3 74 51
3 85 20
3 83 59
3 93 2
3 31 54
3 9 66
3 29 79
3 52 2
3 16 40
3 84 14
3 96 80
3 12 28
3 63 32
3 42 23
3 0 8
3 19 95
3 17 16
3 54 33
3 39 41
3 64 15
3 62 15
3 58 53
3 97 20
3 35 86
3 56 16
3 45 71
3 76 53
3 77 12
3 99 3
3 10 48
3 2 46
3 81 40
3 71 95
3 59 57
3 30 76
3 24 23
3 43 91
3 51 53
3 61 98
3 27 78
3 82 51
3 18 62
3 53 20
3 1 14
3 50 53
3 14 56
3 57 20
3 94 1
3 55 87
3 78 55
3 23 38
3 73 18
3 22 42
3 6 70
3 80 16
3 4 15
3 32 95
3 60 38
3 66 4
3 49 82
3 26 32
3 46 84
3 40 73
3 88 31
3 95 75
3 37 35
3 33 25
3 69 51
3 89 10
3 36 3
3 47 75
3 44 99
3 86 80
3 25 33
3 75 6
3 41 4
3 28 40
3 38 100
3 5 7
3 79 57
3 20 93
3 92 59
3 72 26
3 15 67
3 67 5
3 11 47
3 34 91
4 70 99
4 88 24
4 99 80
4 84 28
4 98 54
4 11 14
4 67 43
4 28 51
4 58 67
4 94 70
4 36 61
4 63 44
4 81 19
4 45 69
4 39 60
4 55 31
4 7 31
4 97 8
4 19 71
4 41 82
4 86 34
4 6 68
4 83 97
4 10 82
4 42 36
4 18 65
4 32 3
4 79 50
4 38 40
4 53 31
4 92 87
4 56 93
4 62 8
4 50 66
4 91 5
4 68 53
4 85 90
4 80 20
4 14 1
4 47 95
4 25 33
4 90 67
4 74 32
4 64 5
4 52 30
4 12 69
4 66 71
4 73 35
4 43 18
4 65 46
4 2 98
4 26 76
4 34 88
4 35 10
4 54 17
4 40 90
4 93 41
4 46 41
4 5 95
4 17 49
4 95 12
4 57 45
4 61 14
4 59 18
4 44 86
4 13 74
4 15 44
4 1 59
4 89 29
4 71 4
4 3 15
4 87 55
4 22 74
4 77 33
4 27 75
4 21 42
4 9 85
4 82 19
4 51 45
4 96 12
4 69 12
4 24 11
4 31 3
4 76 12
4 29 46
4 75 83
4 60 78
4 0 27
4 72 88
4 49 35
4 48 49
4 23 91
4 8 40
4 20 26
4 78 83
4 16 90
4 33 7
4 30 64
4 37 72
5 42 88
5 29 97
5 75 69
5 59 89
5 66 38
5 85 10
5 9 55
5 50 18
5 60 48
5 77 44
5 51 68
5 25 83
5 19 97
5 72 83
5 65 51
5 46 94
5 10 16
5 18 12
5 31 22
5 48 85
5 96 97
5 83 92
5 87 61
5 99 92
5 58 67
5 11 65
5 88 16
5 95 85
5 40 9
5 55 75
5 14 40
5 47 86
5 44 35
5 35 87
5 16 80
5 6 36
5 22 68
5 15 59
5 67 65
5 97 95
5 90 57
5 49 47
5 33 70
5 92 20
5 63 33
5 23 43
5 32 13
5 26 22
5 89 70
5 64 30
5 93 92
5 61 10
5 12 47
5 81 10
5 27 7
5 8 15
5 98 82
5 62 41
5 94 12
5 7 67
5 38 39
5 52 7
5 78 59
5 30 86
5 4 95
5 43 56
5 86 44
5 79 67
5 74 21
5 91 41
5 84 91
5 0 17
5 71 83
5 73 52
5 13 35
5 20 98
5 69 31
5 80 45
5 34 50
5 68 76
5 56 77
5 57 31
5 76 96
5 21 15
5 70 57
5 28 82
5 3 7
5 37 40
5 24 28
5 1 89
5 54 40
5 41 34
5 45 85
5 2 2
5 82 64
5 36 63
5 39 91
5 17 57
5 53 91
6 96 81
6 24 94
6 32 98
6 63 82
6 97 1
6 73 86
6 0 54
6 18 54
6 31 75
6 47 53
6 20 24
6 2 80
6 43 60
6 30 15
6 46 2
6 68 14
6 33 48
6 58 77
6 59 98
6 15 59
6 17 50
6 83 46
6 42 73
6 4 68
6 51 16
6 94 45
6 56 82
6 72 83
6 99 44
6 26 26
6 70 34
6 84 86
6 19 29
6 75 26
6 60 86
6 12 39
6 5 36
6 52 6
6 76 41
6 57 22
6 53 8
6 34 20
6 29 68
6 35 21
6 81 6
6 36 74
6 93 96
6 65 63
6 9 32
6 86 72
6 11 20
6 49 46
6 98 17
6 25 14
6 85 77
6 50 63
6 13 51
6 90 56
6 61 77
6 55 55
6 21 63
6 7 83
6 41 65
6 22 52
6 16 64
6 88 54
6 74 76
6 78 4
6 3 70
6 23 48
6 27 71
6 45 81
6 89 83
6 91 5
6 67 3
6 79 32
6 80 94
6 14 74
6 40 35
6 44 60
6 1 93
6 10 6
6 39 43
6 37 31
6 48 74
6 69 6
6 87 95
6 92 1
6 62 93
6 28 14
6 95 91
6 38 31
6 66 89
6 71 64
6 82 76
6 77 89
6 54 85
6 64 6
6 8 71
7 3 87
7 55 8
7 51 88
7 26 84
7 85 65
7 72 11
7 18 77
7 78 6
7 24 39
7 31 93
7 11 80
7 41 7
7 4 31
7 8 24
7 80 42
7 92 84
7 90 69
7 35 81
7 63 68
7 52 18
7 98 1
7 89 35
7 16 61
7 13 64
7 1 18
7 74 63
7 14 21
7 93 91
7 77 91
7 97 59
7 44 86
7 54 68
7 40 11
7 64 94
7 23 53
7 29 82
7 73 47
7 19 12
7 25 95
7 57 36
7 43 67
7 62 92
7 53 82
7 65 53
7 99 5
7 15 37
7 83 63
7 27 37
7 61 46
7 39 84
7 5 67
7 9 45
7 33 58
7 79 90
7 6 83
7 70 5
7 56 19
7 21 53
7 37 96
7 71 3
7 87 99
7 22 85
7 86 22
7 42 70
7 96 98
7 12 67
7 67 41
7 69 41
7 30 14
7 45 54
7 28 83
7 91 44
7 95 30
7 75 19
7 36 89
7 46 1
7 58 64
7 38 10
7 82 68
7 48 19
7 20 82
7 66 6
7 84 22
7 47 10
7 10 100
7 68 54
7 50 92
7 60 71
7 2 68
7 34 47
7 88 49
7 0 31
7 59 56
7 32 62
7 76 26
7 49 10
7 81 59
7 17 10
7 94 2
8 1 2
8 72 17
8 3 39
8 83 62
8 38 67
8 61 23
8 82 21
8 28 73
8 81 4
8 49 51
8 30 76
8 92 54
8 65 52
8 86 36
8 7 24
8 91 54
8 87 5
8 79 41
8 26 62
8 52 18
8 46 4
8 98 96
8 47 27
8 2 58
8 9 32
8 44 48
8 85 69
8 75 14
8 35 7
8 40 59
8 21 61
8 42 51
8 50 38
8 18 60
8 97 93
8 0 77
8 17 2
8 95 53
8 88 67
8 57 77
8 96 76
8 14 19
8 58 30
8 93 40
8 45 75
8 31 97
8 5 15
8 19 28
8 53 76
8 64 16
8 37 64
8 71 41
8 43 11
8 73 23
8 70 34
8 84 19
8 54 28
8 23 96
8 63 66
8 60 5
8 74 8
8 25 32
8 16 42
8 62 87
8 78 6
8 66 79
8 67 93
8 94 98
8 69 10
8 13 36
8 99 84
8 90 100
8 15 32
8 33 90
8 24 10
8 55 85
8 11 15
8 89 91
8 39 79
8 22 16
8 29 4
8 12 75
8 80 42
8 77 41
8 68 96
8 32 68
8 20 2
8 76 89
8 27 61
8 59 90
8 4 40
8 36 5
8 41 62
8 48 54
8 10 58
8 51 77
8 34 23
8 56 53
8 6 71
9 67 12
9 49 19
9 69 40
9 11 3
9 52 81
9 5 55
9 71 34
9 83 13
9 0 14
9 72 39
9 40 16
9 60 54
9 51 25
9 3 66
9 70 44
9 79 28
9 45 55
9 34 51
9 27 31
9 64 97
9 23 97
9 89 15
9 8 32
9 78 28
9 86 89
9 20 40
9 31 64
9 91 30
9 22 46
9 41 87
9 44 13
9 43 55
9 48 36
9 32 10
9 93 23
9 37 34
9 66 50
9 46 93
9 18 58
9 92 23
9 12 36
9 54 95
9 2 97
9 35 71
9 21 86
9 57 93
9 6 32
9 19 68
9 55 65
9 28 66
9 87 33
9 15 82
9 13 68
9 56 67
9 30 83
9 82 72
9 29 35
9 94 11
9 7 45
9 85 4
9 10 30
9 36 18
9 61 76
9 42 25
9 39 34
9 53 37
9 50 23
9 16 62
9 63 60
9 88 65
9 74 57
9 76 23
9 99 40
9 73 85
9 47 98
9 58 49
9 68 66
9 33 98
9 95 20
9 81 35
9 98 41
9 14 60
9 4 85
9 80 27
9 96 64
9 77 6
9 84 58
9 75 91
9 59 69
9 90 97
9 62 77
9 24 77
9 1 93
9 17 80
9 38 82
9 25 34
9 26 70
9 65 82
9 97 35
10 89 52
10 19 67
10 91 38
10 51 92
10 30 40
10 65 45
10 26 27
10 55 42
10 37 3
10 62 86
10 14 32
10 2 63
10 23 52
10 5 16
10 90 12
10 52 69
10 82 79
10 68 60
10 39 25
10 61 71
10 50 74
10 85 69
10 35 73
10 46 94
10 76 45
10 4 82
10 72 82
10 38 72
10 64 13
10 32 14
10 63 68
10 40 29
10 98 77
10 56 31
10 33 39
10 71 19
10 66 16
10 69 86
10 59 65
10 15 13
10 99 20
10 3 48
10 84 43
10 79 53
10 18 37
10 44 12
10 67 73
10 41 95
10 42 89
10 58 5
10 81 64
10 92 99
10 25 17
10 93 72
10 13 1
10 57 95
10 45 44
10 53 68
10 27 63
10 17 20
10 83 20
10 70 28
10 31 76
10 75 91
10 47 84
10 9 30
10 96 51
10 36 58
10 54 23
10 0 51
10 16 26
10 48 1
10 97 25
10 73 89
10 20 50
10 87 86
10 1 19
10 80 14
10 94 70
10 28 68
10 60 41
10 24 55
10 22 50
10 7 100
10 86 88
10 6 6
10 43 53
10 11 85
10 78 24
10 88 64
10 95 8
10 12 94
10 49 13
10 74 63
10 77 64
10 29 96
10 8 58
10 34 44
10 21 17
11 21 62
11 95 61
11 40 30
11 80 75
11 9 3
11 67 27
11 85 11
11 4 14
11 77 65
11 57 58
11 19 14
11 98 65
11 20 75
11 7 80
11 96 59
11 56 69
11 82 16
11 89 88
11 84 92
11 62 6
11 22 69
11 97 56
11 55 89
11 5 65
11 31 35
11 93 43
11 37 85
11 54 98
11 76 100
11 26 86
11 83 65
11 58 92
11 59 94
11 36 37
11 73 77
11 61 7
11 17 72
11 38 97
11 0 20
11 12 56
11 49 48
11 42 86
11 24 47
11 32 68
11 92 79
11 64 47
11 6 20
11 13 70
11 30 5
11 70 56
11 41 62
11 88 15
11 28 87
11 86 48
11 68 82
11 39 39
11 44 64
11 52 2
11 74 48
11 1 70
11 33 61
11 50 55
11 47 70
11 35 82
11 25 35
11 87 74
11 2 62
11 48 83
11 51 30
11 65 61
11 75 35
11 53 43
11 94 73
11 46 1
11 90 3
11 16 54
11 79 54
11 66 15
11 78 20
11 63 43
11 91 98
11 27 23
11 8 15
11 14 24
11 10 85
11 15 30
11 18 20
11 29 1
11 23 14
11 45 72
11 71 12
11 81 86
11 69 75
11 99 60
11 72 2
11 3 47
11 43 36
11 34 60
11 60 42
12 33 73
12 32 91
12 46 84
12 44 40
12 30 89
12 96 23
12 59 54
12 50 91
12 58 27
12 69 96
12 51 93
12 94 4
12 13 34
12 28 48
12 54 98
12 14 30
12 16 69
12 66 43
12 1 25
12 71 59
12 21 77
12 3 28
12 80 56
12 99 51
12 36 84
12 19 42
12 23 99
12 6 39
12 65 21
12 45 54
12 24 40
12 49 32
12 74 55
12 9 36
12 47 10
12 64 66
12 79 62
12 11 56
12 85 18
12 27 89
12 5 47
12 98 89
12 26 67
12 4 69
12 61 78
12 38 67
12 88 89
12 41 63
12 81 97
12 91 98
12 55 38
12 73 28
12 75 1
12 43 24
12 72 92
12 60 19
12 52 66
12 0 66
12 90 90
12 29 96
12 57 69
12 35 72
12 17 47
12 31 23
12 97 84
12 7 67
12 86 6
12 82 36
12 15 89
12 2 42
12 48 65
12 83 5
12 70 82
12 95 49
12 78 40
12 68 76
12 37 92
12 87 70
12 34 75
12 39 25
12 25 10
12 56 98
12 22 7
12 40 39
12 76 65
12 63 69
12 84 30
12 10 94
12 53 43
12 77 82
12 8 75
12 42 1
12 62 23
12 20 10
12 18 52
12 67 17
12 92 49
12 89 73
12 93 39
13 84 77
13 55 11
13 35 13
13 77 85
13 97 51
13 52 14
13 32 26
13 3 40
13 92 72
13 85 45
13 62 8
13 12 34
13 89 35
13 57 25
13 1 14
13 39 49
13 33 33
13 15 14
13 88 88
13 42 37
13 30 71
13 45 91
13 64 70
13 7 64
13 47 64
13 34 15
13 56 15
13 46 20
13 67 56
13 31 32
13 75 85
13 79 31
13 76 36
13 60 40
13 53 59
13 0 21
13 65 2
13 80 96
13 98 67
13 21 59
13 58 84
13 14 13
13 10 1
13 11 70
13 72 27
13 19 57
13 95 44
13 69 86
13 6 51
13 22 74
13 9 68
13 40 55
13 29 12
13 27 83
13 74 55
13 68 69
13 48 28
13 99 98
13 96 5
13 93 8
13 43 84
13 63 17
13 83 61
13 24 54
13 4 74
13 2 29
13 70 65
13 86 33
13 82 95
13 50 63
13 61 65
13 44 52
13 36 93
13 38 82
13 51 6
13 17 24
13 5 35
13 8 36
13 23 31
13 94 86
13 16 98
13 28 37
13 41 51
13 81 78
13 20 56
13 54 68
13 49 40
13 90 23
13 87 82
13 37 38
13 91 24
13 78 50
13 26 49
13 73 46
13 66 86
13 71 58
13 25 89
13 59 59
13 18 84
14 91 33
14 41 28
14 25 9
14 87 22
14 46 14
14 17 91
14 10 32
14 71 46
14 97 62
14 75 44
14 56 37
14 43 2
14 12 30
14 78 25
14 22 62
14 77 77
14 38 68
14 63 37
14 58 7
14 93 94
14 92 89
14 74 29
14 66 77
14 37 59
14 27 6
14 23 90
14 0 26
14 7 21
14 18 34
14 76 49
14 5 40
14 50 71
14 24 24
14 36 86
14 98 36
14 73 68
14 2 44
14 70 26
14 1 76
14 69 40
14 82 21
14 88 47
14 85 77
14 8 19
14 4 1
14 62 38
14 90 6
14 95 90
14 60 88
14 51 44
14 45 19
14 79 83
14 13 13
14 94 100
14 15 23
14 72 35
14 34 27
14 16 60
14 40 73
14 3 56
14 48 62
14 32 29
14 30 4
14 65 73
14 67 45
14 59 45
14 20 24
14 84 49
14 80 49
14 47 55
14 26 15
14 68 46
14 42 72
14 54 15
14 6 74
14 99 87
14 9 60
14 86 65
14 55 1
14 33 27
14 31 92
14 64 81
14 11 24
14 39 21
14 83 97
14 61 1
14 81 54
14 96 65
14 29 10
14 21 5
14 35 96
14 28 90
14 89 54
14 19 12
14 49 96
14 53 63
14 57 18
14 52 73
14 44 95
15 52 17
15 76 89
15 54 84
15 91 86
15 68 92
15 88 85
15 35 78
15 97 83
15 83 5
15 71 79
15 36 91
15 57 88
15 6 59
15 20 48
15 13 14
15 44 40
15 22 60
15 49 16
15 21 20
15 30 67
15 70 89
15 46 39
15 95 82
15 5 59
15 33 33
15 48 38
15 86 36
15 10 13
15 74 98
15 53 61
15 55 46
15 92 12
15 63 5
15 41 45
15 43 99
15 17 55
15 47 57
15 7 37
15 94 57
15 45 1
15 16 1
15 59 40
15 14 23
15 9 82
15 84 70
15 32 34
15 89 66
15 69 47
15 40 55
15 61 70
15 42 29
15 62 49
15 2 6
15 56 93
15 80 94
15 96 47
15 34 24
15 51 40
15 23 76
15 77 71
15 12 89
15 26 58
15 4 44
15 90 96
15 82 73
15 67 91
15 25 49
15 50 15
15 27 46
15 99 28
15 38 22
15 31 58
15 85 40
15 37 89
15 98 29
15 0 14
15 93 55
15 18 12
15 60 17
15 79 16
15 8 32
15 19 67
15 72 54
15 24 45
15 66 80
15 39 9
15 81 60
15 11 30
15 73 4
15 28 45
15 64 74
15 78 92
15 65 41
15 1 12
15 3 67
15 58 81
15 75 3
15 87 26
15 29 87
16 71 71
16 24 75
16 72 5
16 73 66
16 53 15
16 41 40
16 56 88
16 20 37
16 74 59
16 35 45
16 78 16
16 25 21
16 55 92
16 12 69
16 62 84
16 87 100
16 79 28
16 88 4
16 44 81
16 3 40
16 69 8
16 21 33
16 64 61
16 19 98
16 7 61
16 80 3
16 66 99
16 89 97
16 84 23
16 27 67
16 77 83
16 22 29
16 5 80
16 26 97
16 18 19
16 61 46
16 91 57
16 57 50
16 30 8
16 60 33
16 95 22
16 17 99
16 23 7
16 36 78
16 96 21
16 81 86
16 29 25
16 49 9
16 39 60
16 67 32
16 32 10
16 94 26
16 15 1
16 0 45
16 70 64
16 37 88
16 63 21
16 14 60
16 85 80
16 6 64
16 10 26
16 90 64
16 28 11
16 75 37
16 9 62
16 98 32
16 54 89
16 58 100
16 8 42
16 76 61
16 83 90
16 34 34
16 68 11
16 82 71
16 99 54
16 50 39
16 86 84
16 93 56
16 52 4
16 38 15
16 40 57
16 92 75
16 13 98
16 59 16
16 65 64
16 33 58
16 11 54
16 46 17
16 42 71
16 2 16
16 45 87
16 48 22
16 43 53
16 97 67
16 47 35
16 1 80
16 31 52
16 51 19
16 4 90
17 54 71
17 58 87
17 94 78
17 43 16
17 78 87
17 86 3
17 26 86
17 89 65
17 14 91
17 93 27
17 90 10
17 85 31
17 96 50
17 38 91
17 57 36
17 47 40
17 74 38
17 0 54
17 50 100
17 6 50
17 84 15
17 30 74
17 76 60
17 48 29
17 3 16
17 92 1
17 49 75
17 75 76
17 77 62
17 18 38
17 56 73
17 22 60
17 60 66
17 32 91
17 66 96
17 19 10
17 11 72
17 35 7
17 36 86
17 8 2
17 70 70
17 16 99
17 99 81
17 21 65
17 91 13
17 31 24
17 45 87
17 95 15
17 1 4
17 52 27
17 98 5
17 29 96
17 51 86
17 37 48
17 15 55
17 53 86
17 44 67
17 65 26
17 62 48
17 55 58
17 10 20
17 97 6
17 72 27
17 33 27
17 71 89
17 41 35
17 25 7
17 83 69
17 42 99
17 12 47
17 4 49
17 82 28
17 63 21
17 23 72
17 27 27
17 88 34
17 64 6
17 13 24
17 39 63
17 2 71
17 46 13
17 80 49
17 73 90
17 24 28
17 59 70
17 20 32
17 40 95
17 34 44
17 69 86
17 67 65
17 9 80
17 81 13
17 61 80
17 5 57
17 68 15
17 87 46
17 79 82
17 7 10
17 28 3
18 99 86
18 43 3
18 62 17
18 41 73
18 60 88
18 7 77
18 70 77
18 6 54
18 32 32
18 91 62
18 44 45
18 59 78
18 5 12
18 76 4
18 96 94
18 61 96
18 1 47
18 21 10
18 0 48
18 57 83
18 4 65
18 19 8
18 14 34
18 90 100
18 2 29
18 69 47
18 83 1
18 17 38
18 65 100
18 94 87
18 16 19
18 8 60
18 85 24
18 9 58
18 56 53
18 68 25
18 39 10
18 28 5
18 10 37
18 45 83
18 77 86
18 67 21
18 33 58
18 50 98
18 3 62
18 23 65
18 88 8
18 64 91
18 37 14
18 73 18
18 84 64
18 22 59
18 24 53
18 20 17
18 27 95
18 42 87
18 93 91
18 78 44
18 58 63
18 63 55
18 36 100
18 35 45
18 52 74
18 25 65
18 40 8
18 75 71
18 74 64
18 26 31
18 51 47
18 98 77
18 97 16
18 54 4
18 66 19
18 47 88
18 49 42
18 71 46
18 15 12
18 31 15
18 81 28
18 80 4
18 46 81
18 95 38
18 82 35
18 38 74
18 29 67
18 48 100
18 86 4
18 11 20
18 53 20
18 72 7
18 92 49
18 30 79
18 12 52
18 79 75
18 55 4
18 13 84
18 87 44
18 89 1
18 34 67
19 56 51
19 10 67
19 25 81
19 53 43
19 39 63
19 50 53
19 35 88
19 11 14
19 5 97
19 65 19
19 93 61
19 64 35
19 54 25
19 86 20
19 0 28
19 4 71
19 48 44
19 76 61
19 16 98
19 36 64
19 98 80
19 3 95
19 18 8
19 58 36
19 46 45
19 12 42
19 47 78
19 6 29
19 21 6
19 90 58
19 66 95
19 37 15
19 57 4
19 68 58
19 95 90
19 82 61
19 85 7
19 17 10
19 96 33
19 62 17
19 89 29
19 49 40
19 7 12
19 61 86
19 44 58
19 32 44
19 84 83
19 88 43
19 81 16
19 45 39
19 67 15
19 29 26
19 33 86
19 9 68
19 23 46
19 77 44
19 75 91
19 73 79
19 8 28
19 74 89
19 20 1
19 71 25
19 13 57
19 34 13
19 52 7
19 38 97
19 72 38
19 69 63
19 87 37
19 30 44
19 70 26
19 1 64
19 80 9
19 51 83
19 63 11
19 60 7
19 40 18
19 79 23
19 78 93
19 31 100
19 22 14
19 83 64
19 92 54
19 24 28
19 97 22
19 59 17
19 28 84
19 15 67
19 91 91
19 99 15
19 43 55
19 42 66
19 55 5
19 2 25
19 41 96
19 14 12
19 27 64
19 94 96
19 26 95
20 60 82
20 67 44
20 32 99
20 28 55
20 0 28
20 38 82
20 76 38
20 52 29
20 87 9
20 21 30
20 11 75
20 16 37
20 24 60
20 6 24
20 90 3
20 74 60
20 94 24
20 83 25
20 79 29
20 48 52
20 25 5
20 68 25
20 15 48
20 69 31
20 29 92
20 99 47
20 98 55
20 51 53
20 9 40
20 46 29
20 31 39
20 47 10
20 66 89
20 62 4
20 80 71
20 92 77
20 93 8
20 57 30
20 1 40
20 97 44
20 34 100
20 37 71
20 55 88
20 84 66
20 56 82
20 86 91
20 72 37
20 19 1
20 58 87
20 64 5
20 36 91
20 30 15
20 39 91
20 2 19
20 71 57
20 45 82
20 75 93
20 61 62
20 18 17
20 35 81
20 73 36
20 14 24
20 85 53
20 81 9
20 33 82
20 10 50
20 49 89
20 26 30
20 95 8
20 82 31
20 70 62
20 5 98
20 27 30
20 50 75
20 43 66
20 65 69
20 78 93
20 7 82
20 40 49
20 91 88
20 96 27
20 54 37
20 23 68
20 13 56
20 17 32
20 63 43
20 22 58
20 3 93
20 59 7
20 44 67
20 77 15
20 8 2
20 12 10
20 4 26
20 41 47
20 88 86
20 42 36
20 89 7
20 53 30
21 42 3
21 91 76
21 11 62
21 25 57
21 3 71
21 57 72
21 43 55
21 82 54
21 32 90
21 26 28
21 93 1
21 39 16
21 20 30
21 88 24
21 28 26
21 24 85
21 92 36
21 90 4
21 79 71
21 31 64
21 60 91
21 75 93
21 30 56
21 77 29
21 16 33
21 29 2
21 12 77
21 18 10
21 51 97
21 58 51
21 96 28
21 49 59
21 59 7
21 74 17
21 76 67
21 73 15
21 33 16
21 65 81
21 99 81
21 54 53
21 19 6
21 15 20
21 62 21
21 8 61
21 78 35
21 1 63
21 61 36
21 34 92
21 17 65
21 69 63
21 36 12
21 9 86
21 13 59
21 40 85
21 45 72
21 97 74
21 55 90
21 98 17
21 68 35
21 46 60
21 27 92
21 6 63
21 37 99
21 83 54
21 95 55
21 7 53
21 53 57
21 94 82
21 50 98
21 89 18
21 80 7
21 2 70
21 44 70
21 0 70
21 63 23
21 4 42
21 52 54
21 66 55
21 38 64
21 23 39
21 5 15
21 81 25
21 86 11
21 47 19
21 72 100
21 70 76
21 14 5
21 71 59
21 41 78
21 85 15
21 56 29
21 22 10
21 35 93
21 10 17
21 87 93
21 84 94
21 64 84
21 48 9
21 67 45
22 72 95
22 43 50
22 64 40
22 57 9
22 47 42
22 32 97
22 84 28
22 68 20
22 31 52
22 92 85
22 81 22
22 83 7
22 94 37
22 2 48
22 93 68
22 14 62
22 11 69
22 42 22
22 85 62
22 15 60
22 56 97
22 60 35
22 65 15
22 9 46
22 16 29
22 17 60
22 46 6
22 5 68
22 30 43
22 99 88
22 50 88
22 63 98
22 91 92
22 87 65
22 74 58
22 88 37
22 76 7
22 1 38
22 75 11
22 96 81
22 41 47
22 13 74
22 54 95
22 71 22
22 90 69
22 86 93
22 18 59
22 37 91
22 6 52
22 59 87
22 33 89
22 49 27
22 36 54
22 7 85
22 38 69
22 0 72
22 55 19
22 52 37
22 3 42
22 89 99
22 29 44
22 19 14
22 27 72
22 97 6
22 4 74
22 98 50
22 67 48
22 80 12
22 66 20
22 69 74
22 12 7
22 10 50
22 82 87
22 44 53
22 78 66
22 28 59
22 8 16
22 48 52
22 51 57
22 25 96
22 61 35
22 26 11
22 77 100
22 20 58
22 34 59
22 62 31
22 58 85
22 53 88
22 39 25
22 95 34
22 24 7
22 35 62
22 21 10
22 45 68
22 23 36
22 40 5
22 79 76
22 73 6
22 70 80
23 73 50
23 60 57
23 82 47
23 80 57
23 10 52
23 61 65
23 0 88
23 49 49
23 91 31
23 84 3
23 87 97
23 99 40
23 83 36
23 52 65
23 9 97
23 14 90
23 42 38
23 47 46
23 2 65
23 31 54
23 94 54
23 12 99
23 77 21
23 64 49
23 54 33
23 38 62
23 63 67
23 74 64
23 76 72
23 62 42
23 33 45
23 7 53
23 29 37
23 32 96
23 5 43
23 16 7
23 71 21
23 85 20
23 98 13
23 93 99
23 19 46
23 86 15
23 50 44
23 59 13
23 92 92
23 67 22
23 36 96
23 26 38
23 18 65
23 43 46
23 79 67
23 44 99
23 90 64
23 57 57
23 35 74
23 68 82
23 72 96
23 88 76
23 8 96
23 3 38
23 81 53
23 96 23
23 15 76
23 24 55
23 17 72
23 25 85
23 6 48
23 45 80
23 97 4
23 1 25
23 69 1
23 51 43
23 56 30
23 70 13
23 75 35
23 30 27
23 13 31
23 65 8
23 95 61
23 78 88
23 46 46
23 20 68
23 21 39
23 48 22
23 41 5
23 34 66
23 37 27
23 58 88
23 53 21
23 66 58
23 4 91
23 89 4
23 11 14
23 55 96
23 27 9
23 40 8
23 28 87
23 22 36
23 39 81
24 79 42
24 75 11
24 16 75
24 30 9
24 2 8
24 74 1
24 71 72
24 6 94
24 7 39
24 63 21
24 42 4
24 21 85
24 73 25
24 20 60
24 78 91
24 84 64
24 51 44
24 46 6
24 91 16
24 52 46
24 72 49
24 36 29
24 92 53
24 89 59
24 80 7
24 48 35
24 49 45
24 34 95
24 14 24
24 97 11
24 99 2
24 65 90
24 55 42
24 98 14
24 83 76
24 12 40
24 54 22
24 93 41
24 3 23
24 33 4
24 11 47
24 81 97
24 59 86
24 38 9
24 67 92
24 50 58
24 68 27
24 77 85
24 86 47
24 53 10
24 18 53
24 28 78
24 25 76
24 31 33
24 58 37
24 85 52
24 82 22
24 35 62
24 1 30
24 13 54
24 23 55
24 70 20
24 39 91
24 26 93
24 32 22
24 45 65
24 94 87
24 60 32
24 47 66
24 43 93
24 95 60
24 19 28
24 29 24
24 76 42
24 66 100
24 10 55
24 62 60
24 15 45
24 40 57
24 57 16
24 8 10
24 4 11
24 44 82
24 41 95
24 17 28
24 96 55
24 64 58
24 88 67
24 56 94
24 69 40
24 90 59
24 5 28
24 87 73
24 27 51
24 9 77
24 0 92
24 37 51
24 22 7
24 61 10
25 49 45
25 84 68
25 41 1
25 47 11
25 66 55
25 2 65
25 82 40
25 21 57
25 75 98
25 99 21
25 51 74
25 14 9
25 27 54
25 34 28
25 19 81
25 5 83
25 0 13
25 55 24
25 83 31
25 69 98
25 16 21
25 54 88
25 80 2
25 97 68
25 64 31
25 20 5
25 29 98
25 38 64
25 50 70
25 39 37
25 63 11
25 91 83
25 42 73
25 53 33
25 85 16
25 40 71
25 78 65
25 92 35
25 37 97
25 68 77
25 77 16
25 87 56
25 59 47
25 57 96
25 7 95
25 4 33
25 31 86
25 73 37
25 30 7
25 10 17
25 61 31
25 62 20
25 6 14
25 88 50
25 76 53
25 35 74
25 56 80
25 67 27
25 45 8
25 24 76
25 17 7
25 89 26
25 96 10
25 46 33
25 98 100
25 58 87
25 28 27
25 18 65
25 70 23
25 74 7
25 44 72
25 86 76
25 43 66
25 94 64
25 23 85
25 8 32
25 11 35
25 15 49
25 79 74
25 81 88
25 33 43
25 52 67
25 32 32
25 95 36
25 12 10
25 72 62
25 3 33
25 93 83
25 90 7
25 22 96
25 26 85
25 1 81
25 36 65
25 65 24
25 13 89
25 9 34
25 60 48
25 71 19
25 48 71
26 45 55
26 89 57
26 91 96
26 70 88
26 7 84
26 10 27
26 17 86
26 69 22
26 31 5
26 60 67
26 96 56
26 21 28
26 98 38
26 99 33
26 85 94
26 34 29
26 43 16
26 92 39
26 63 28
26 8 62
26 77 21
26 81 8
26 88 50
26 0 16
26 58 94
26 49 94
26 6 26
26 61 86
26 95 20
26 37 46
26 66 95
26 73 5
26 30 84
26 11 86
26 67 39
26 75 90
26 16 97
26 53 91
26 74 43
26 90 63
26 39 43
26 33 100
26 64 51
26 80 40
26 55 8
26 71 17
26 50 59
26 59 92
26 47 16
26 5 22
26 41 68
26 86 32
26 62 56
26 12 67
26 4 76
26 23 38
26 68 16
26 76 34
26 57 53
26 29 69
26 2 30
26 94 13
26 42 27
26 40 79
26 32 74
26 48 34
26 84 30
26 52 9
26 36 91
26 15 58
26 24 93
26 28 94
26 51 96
26 18 31
26 54 23
26 82 5
26 93 50
26 14 15
26 20 30
26 27 17
26 3 32
26 87 89
26 44 65
26 65 12
26 83 20
26 78 9
26 22 11
26 25 85
26 56 63
26 13 49
26 72 22
26 1 44
26 97 70
26 35 46
26 46 55
26 38 73
26 79 61
26 9 70
26 19 95
27 71 46
27 64 5
27 58 26
27 47 80
27 67 52
27 25 54
27 41 60
27 1 32
27 61 97
27 62 44
27 59 27
27 51 34
27 72 41
27 54 98
27 31 92
27 0 15
27 95 79
27 9 31
27 14 6
27 91 36
27 16 67
27 29 89
27 87 58
27 88 72
27 50 38
27 81 35
27 63 36
27 74 39
27 44 49
27 3 78
27 35 1
27 89 18
27 12 89
27 40 56
27 34 41
27 52 39
27 79 40
27 33 64
27 5 7
27 55 19
27 60 84
27 7 37
27 96 52
27 75 44
27 76 100
27 46 16
27 13 83
27 78 41
27 43 77
27 21 92
27 10 63
27 69 14
27 18 95
27 83 66
27 85 71
27 73 62
27 39 100
27 42 49
27 98 8
27 17 27
27 57 56
27 84 83
27 66 11
27 30 70
27 6 71
27 70 5
27 22 72
27 15 46
27 36 56
27 82 16
27 38 41
27 26 17
27 80 81
27 68 31
27 92 10
27 20 30
27 4 75
27 53 96
27 2 42
27 99 47
27 48 82
27 86 100
27 11 23
27 28 97
27 93 73
27 49 17
27 65 94
27 77 6
27 37 15
27 90 17
27 45 20
27 97 45
27 24 51
27 32 17
27 8 61
27 23 9
27 19 64
27 94 68
27 56 83
28 45 3
28 98 45
28 20 55
28 38 11
28 89 60
28 58 100
28 99 50
28 66 99
28 4 51
28 8 73
28 34 59
28 21 26
28 78 16
28 85 23
28 12 48
28 2 9
28 74 35
28 35 55
28 30 94
28 79 34
28 61 29
28 0 84
28 83 9
28 62 87
28 32 98
28 31 14
28 52 56
28 93 96
28 1 15
28 50 30
28 76 27
28 57 85
28 55 43
28 56 64
28 29 3
28 18 5
28 75 17
28 88 26
28 69 41
28 86 76
28 37 26
28 9 66
28 95 53
28 63 87
28 90 77
28 42 78
28 82 72
28 11 87
28 71 16
28 24 78
28 59 48
28 53 59
28 43 7
28 25 27
28 16 11
28 92 80
28 64 19
28 49 95
28 26 94
28 48 90
28 36 27
28 47 56
28 46 89
28 70 8
28 84 25
28 97 54
28 7 83
28 67 99
28 33 30
28 81 77
28 87 88
28 51 9
28 41 17
28 80 79
28 10 68
28 13 37
28 19 84
28 72 17
28 27 97
28 5 82
28 22 59
28 40 91
28 91 83
28 3 40
28 77 44
28 44 54
28 6 14
28 15 45
28 14 90
28 60 63
28 73 8
28 96 85
28 68 35
28 94 43
28 54 37
28 39 12
28 23 87
28 65 80
28 17 3
29 5 97
29 49 33
29 34 87
29 98 60
29 63 80
29 89 15
29 83 16
29 35 33
29 69 1
29 50 91
29 37 82
29 46 82
29 68 94
29 42 53
29 58 55
29 43 81
29 77 85
29 51 20
29 3 79
29 25 98
29 21 2
29 44 48
29 86 47
29 20 92
29 74 59
29 60 81
29 40 31
29 79 37
29 48 94
29 88 35
29 27 89
29 95 63
29 53 87
29 7 82
29 23 37
29 82 52
29 57 74
29 70 26
29 28 3
29 93 3
29 6 68
29 17 96
29 19 26
29 16 25
29 32 66
29 2 9
29 59 67
29 67 61
29 99 82
29 13 12
29 90 73
29 26 69
29 9 35
29 38 23
29 36 30
29 96 10
29 72 42
29 12 96
29 81 12
29 84 35
29 92 71
29 45 57
29 73 8
29 56 71
29 30 84
29 80 37
29 22 44
29 55 20
29 78 27
29 39 14
29 75 86
29 41 43
29 62 37
29 54 96
29 66 69
29 1 88
29 94 55
29 24 24
29 76 98
29 4 46
29 18 67
29 71 25
29 8 4
29 11 1
29 14 10
29 64 2
29 87 28
29 85 65
29 97 43
29 91 18
29 47 78
29 65 96
29 31 48
29 10 96
29 61 74
29 52 73
29 33 39
29 0 67
29 15 87
30 87 86
30 24 9
30 39 33
30 33 55
30 98 18
30 10 40
30 42 25
30 12 89
30 50 59
30 74 2
30 8 76
30 55 43
30 6 15
30 54 11
30 53 63
30 45 25
30 28 94
30 21 56
30 52 42
30 17 74
30 38 42
30 95 87
30 13 71
30 65 16
30 59 80
30 1 14
30 79 64
30 26 84
30 61 5
30 15 67
30 22 43
30 16 8
30 46 16
30 40 41
30 57 58
30 3 76
30 78 8
30 63 97
30 25 7
30 0 79
30 84 67
30 62 38
30 44 36
30 37 22
30 41 54
30 43 31
30 11 5
30 89 10
30 20 15
30 9 83
30 51 58
30 72 2
30 5 86
30 35 42
30 14 4
30 48 78
30 19 44
30 82 70
30 68 31
30 60 10
30 93 97
30 49 90
30 29 84
30 88 59
30 27 70
30 81 99
30 66 29
30 7 14
30 97 95
30 67 12
30 99 13
30 47 95
30 23 27
30 94 74
30 32 75
30 90 61
30 76 33
30 34 65
30 91 60
30 70 56
30 85 39
30 64 26
30 58 12
30 71 5
30 2 42
30 80 47
30 18 79
30 86 41
30 75 60
30 83 43
30 92 19
30 56 57
30 96 79
30 77 100
30 69 63
30 73 19
30 36 53
30 4 64
30 31 22
31 93 75
31 44 7
31 84 90
31 69 85
31 57 51
31 85 39
31 73 14
31 26 5
31 91 88
31 81 96
31 58 15
31 7 93
31 74 89
31 60 5
31 51 61
31 22 52
31 6 75
31 75 18
31 77 71
31 70 100
31 21 64
31 5 22
31 3 54
31 72 69
31 27 92
31 28 14
31 11 35
31 55 88
31 23 54
31 20 39
31 13 32
31 9 64
31 37 60
31 59 100
31 86 95
31 39 18
31 90 99
31 96 17
31 63 86
31 82 21
31 78 66
31 48 68
31 17 24
31 66 18
31 62 33
31 25 86
31 64 93
31 8 97
31 41 64
31 71 50
31 50 22
31 0 5
31 88 39
31 2 21
31 54 5
31 46 55
31 92 16
31 83 43
31 10 76
31 65 54
31 79 39
31 52 45
31 24 33
31 68 22
31 12 23
31 47 62
31 43 31
31 98 82
31 67 20
31 33 3
31 95 76
31 19 100
31 76 96
31 61 88
31 15 58
31 45 37
31 38 66
31 40 41
31 87 57
31 32 78
31 18 15
31 36 61
31 49 88
31 4 3
31 14 92
31 56 43
31 35 21
31 94 2
31 99 43
31 16 52
31 1 37
31 29 48
31 53 43
31 80 59
31 42 69
31 89 72
31 97 28
31 30 22
31 34 54
32 47 3
32 57 64
32 20 99
32 12 91
32 22 97
32 6 98
32 69 65
32 13 26
32 94 36
32 21 90
32 40 36
32 18 32
32 37 29
32 75 95
32 86 22
32 83 31
32 66 86
32 33 80
32 51 60
32 92 89
32 28 98
32 88 47
32 0 5
32 48 24
32 43 45
32 4 3
32 10 14
32 99 96
32 60 36
32 81 81
32 71 38
32 91 30
32 17 91
32 9 10
32 54 45
32 23 96
32 97 56
32 19 44
32 38 91
32 5 13
32 70 73
32 29 66
32 16 10
32 68 38
32 11 68
32 15 34
32 50 91
32 79 79
32 36 9
32 62 26
32 65 76
32 2 79
32 78 71
32 55 82
32 14 29
32 45 59
32 26 74
32 41 98
32 85 40
32 58 36
32 1 75
32 76 55
32 59 22
32 24 22
32 3 95
32 52 53
32 63 30
32 87 12
32 42 51
32 25 32
32 82 39
32 30 75
32 39 3
32 34 82
32 31 78
32 61 86
32 98 32
32 74 18
32 53 21
32 73 43
32 80 82
32 84 27
32 67 33
32 77 60
32 56 60
32 46 33
32 89 85
32 8 68
32 96 50
32 35 40
32 95 3
32 27 17
32 93 69
32 49 37
32 7 62
32 90 21
32 64 24
32 44 38
32 72 7
33 12 73
33 78 22
33 30 55
33 59 91
33 55 34
33 45 12
33 75 49
33 49 13
33 73 15
33 96 73
33 58 79
33 1 1
33 6 48
33 32 80
33 13 33
33 99 59
33 69 93
33 90 35
33 87 9
33 79 64
33 86 63
33 21 16
33 46 52
33 88 43
33 36 4
33 91 39
33 61 11
33 10 39
33 98 35
33 52 55
33 23 45
33 15 33
33 72 22
33 26 100
33 77 2
33 89 45
33 5 70
33 24 4
33 68 46
33 85 22
33 44 1
33 81 42
33 19 86
33 95 12
33 53 65
33 18 58
33 27 64
33 92 97
33 2 46
33 38 37
33 54 21
33 50 95
33 74 76
33 63 23
33 67 53
33 93 45
33 48 50
33 47 65
33 7 58
33 17 27
33 70 4
33 71 15
33 22 89
33 11 61
33 31 3
33 80 1
33 20 82
33 42 93
33 66 31
33 25 43
33 43 64
33 76 74
33 65 57
33 34 30
33 84 7
33 0 72
33 37 3
33 9 98
33 41 99
33 40 47
33 28 30
33 60 30
33 16 58
33 35 51
33 8 90
33 3 25
33 62 53
33 14 27
33 57 78
33 64 22
33 56 90
33 83 100
33 97 19
33 39 42
33 94 65
33 51 87
33 82 89
33 4 7
33 29 39
34 62 7
34 88 69
34 29 87
34 71 52
34 83 12
34 59 61
34 57 5
34 94 97
34 65 100
34 48 72
34 66 24
34 25 28
34 70 54
34 28 59
34 36 60
34 37 76
34 61 5
34 26 29
34 84 72
34 40 5
34 87 100
34 58 70
34 9 51
34 73 12
34 45 56
34 13 15
34 97 52
34 24 95
34 91 44
34 76 72
34 47 41
34 46 73
34 98 12
34 72 64
34 39 51
34 6 20
34 67 99
34 21 92
34 52 40
34 20 100
34 44 37
34 27 41
34 96 59
34 0 32
34 90 35
34 2 28
34 89 49
34 41 48
34 19 13
34 4 88
34 56 76
34 14 27
34 77 69
34 93 79
34 63 95
34 75 29
34 78 73
34 82 82
34 49 71
34 54 25
34 38 1
34 74 82
34 50 71
34 15 24
34 79 51
34 81 54
34 86 37
34 16 34
34 42 16
34 33 30
34 53 22
34 80 85
34 64 27
34 60 37
34 35 68
34 12 75
34 55 48
34 5 50
34 32 82
34 85 91
34 92 57
34 30 65
34 1 5
34 68 28
34 23 66
34 17 44
34 51 79
34 69 90
34 43 21
34 7 47
34 22 59
34 10 44
34 95 48
34 18 67
34 11 60
34 8 23
34 31 54
34 99 7
34 3 91
35 48 35
35 13 13
35 52 1
35 65 2
35 41 20
35 29 33
35 50 28
35 15 78
35 83 23
35 19 88
35 45 40
35 96 51
35 43 8
35 39 53
35 16 45
35 84 36
35 94 100
35 28 55
35 7 81
35 97 20
35 95 99
35 89 19
35 10 73
35 42 84
35 70 75
35 46 96
35 99 76
35 8 7
35 5 87
35 71 37
35 3 86
35 55 90
35 58 18
35 17 7
35 69 60
35 82 58
35 76 40
35 66 67
35 54 52
35 38 90
35 44 44
35 6 21
35 9 71
35 27 1
35 59 63
35 75 4
35 81 63
35 1 96
35 78 86
35 93 87
35 4 10
35 98 70
35 25 74
35 72 26
35 56 21
35 30 42
35 23 74
35 20 81
35 12 72
35 91 97
35 0 55
35 24 62
35 18 45
35 63 3
35 11 82
35 51 35
35 92 71
35 85 80
35 47 64
35 73 16
35 67 61
35 34 68
35 36 16
35 90 32
35 37 36
35 57 73
35 33 51
35 77 64
35 62 76
35 53 49
35 2 36
35 31 21
35 60 20
35 80 61
35 64 55
35 14 96
35 61 73
35 49 59
35 68 23
35 32 40
35 88 70
35 40 70
35 26 46
35 79 94
35 22 62
35 86 39
35 21 93
35 74 40
35 87 75
36 52 52
36 71 76
36 94 65
36 84 72
36 56 41
36 47 34
36 55 64
36 74 3
36 89 15
36 4 61
36 34 60
36 41 55
36 86 10
36 51 82
36 15 91
36 42 61
36 83 4
36 43 22
36 44 77
36 19 64
36 12 84
36 24 29
36 54 21
36 1 83
36 93 77
36 33 4
36 95 85
36 97 94
36 85 53
36 14 86
36 11 37
36 69 93
36 67 83
36 76 45
36 17 86
36 61 71
36 73 4
36 77 89
36 49 77
36 92 30
36 16 78
36 0 2
36 21 12
36 46 35
36 80 22
36 6 74
36 57 10
36 82 66
36 91 78
36 63 9
36 23 96
36 20 91
36 45 19
36 53 94
36 32 9
36 99 25
36 70 46
36 29 30
36 78 72
36 10 58
36 79 62
36 18 100
36 9 18
36 59 30
36 64 42
36 96 90
36 22 54
36 26 91
36 81 11
36 68 17
36 66 18
36 28 27
36 38 64
36 27 56
36 13 93
36 39 72
36 65 63
36 90 51
36 2 28
36 87 23
36 7 89
36 35 16
36 88 36
36 58 13
36 31 61
36 3 3
36 98 62
36 50 88
36 25 65
36 75 4
36 40 93
36 48 89
36 37 17
36 5 63
36 8 5
36 72 78
36 60 59
36 30 53
36 62 99
37 67 44
37 50 35
37 70 74
37 49 17
37 52 10
37 74 49
37 65 55
37 56 89
37 29 82
37 10 3
37 55 88
37 32 29
37 34 76
37 68 82
37 43 91
37 76 87
37 38 15
37 79 22
37 80 55
37 64 21
37 14 59
37 72 32
37 82 21
37 44 32
37 2 5
37 0 19
37 26 46
37 41 18
37 25 97
37 11 85
37 88 37
37 31 60
37 19 15
37 83 62
37 9 34
37 89 53
37 46 48
37 57 44
37 87 88
37 47 1
37 20 71
37 54 63
37 61 68
37 78 25
37 17 48
37 95 23
37 48 72
37 28 26
37 30 22
37 1 52
37 84 32
37 58 46
37 94 14
37 16 88
37 63 15
37 18 14
37 59 3
37 8 64
37 73 46
37 21 99
37 22 91
37 97 36
37 90 96
37 86 36
37 7 96
37 69 17
37 62 78
37 91 24
37 53 10
37 45 10
37 93 32
37 39 41
37 99 96
37 33 3
37 15 89
37 42 30
37 12 92
37 85 61
37 51 52
37 75 10
37 77 50
37 35 36
37 40 51
37 3 35
37 71 10
37 6 31
37 23 27
37 13 38
37 27 15
37 96 50
37 98 59
37 5 40
37 36 17
37 66 32
37 24 51
37 92 20
37 81 3
37 4 72
37 60 96
38 42 19
38 28 11
38 0 43
38 46 80
38 8 67
38 90 21
38 43 12
38 83 18
38 55 65
38 20 82
38 74 69
38 65 74
38 17 91
38 61 72
38 68 4
38 41 28
38 96 26
38 93 9
38 14 68
38 25 64
38 30 42
38 37 15
38 97 34
38 85 13
38 50 62
38 10 72
38 67 36
38 81 12
38 84 19
38 4 40
38 77 71
38 70 50
38 47 55
38 51 10
38 45 40
38 23 62
38 79 65
38 11 97
38 1 47
38 32 91
38 39 7
38 35 90
38 59 4
38 80 87
38 75 45
38 57 9
38 24 9
38 82 12
38 71 8
38 12 67
38 86 48
38 33 37
38 62 99
38 56 97
38 91 28
38 40 30
38 19 97
38 89 32
38 29 23
38 2 94
38 5 39
38 34 1
38 60 1
38 49 51
38 95 80
38 22 69
38 98 9
38 92 98
38 58 36
38 99 50
38 36 64
38 15 22
38 52 16
38 13 82
38 27 41
38 44 33
38 31 66
38 48 5
38 16 15
38 7 10
38 63 83
38 73 36
38 21 64
38 18 74
38 69 34
38 3 100
38 72 67
38 64 61
38 53 51
38 76 67
38 6 31
38 78 76
38 9 82
38 26 73
38 87 38
38 94 6
38 54 87
38 66 16
38 88 31
39 48 3
39 59 18
39 30 33
39 45 34
39 78 69
39 95 73
39 53 1
39 19 63
39 64 91
39 21 16
39 35 53
39 69 67
39 4 60
39 88 73
39 13 49
39 10 25
39 77 95
39 98 92
39 51 80
39 0 51
39 41 16
39 56 67
39 25 37
39 84 73
39 67 8
39 96 1
39 43 33
39 2 25
39 94 80
39 61 52
39 74 18
39 3 41
39 31 18
39 26 43
39 81 67
39 62 58
39 90 57
39 34 51
39 71 83
39 38 7
39 99 10
39 18 10
39 72 15
39 57 5
39 16 60
39 49 5
39 1 87
39 58 53
39 7 84
39 20 91
39 73 74
39 47 36
39 76 50
39 11 39
39 60 71
39 40 48
39 9 34
39 46 68
39 70 8
39 27 100
39 87 51
39 52 42
39 55 78
39 24 91
39 92 11
39 37 41
39 50 79
39 65 54
39 68 71
39 29 14
39 89 21
39 36 72
39 83 56
39 66 90
39 17 63
39 44 13
39 79 36
39 32 3
39 12 25
39 75 83
39 54 97
39 82 48
39 91 30
39 42 72
39 15 9
39 8 79
39 14 21
39 6 43
39 63 64
39 80 74
39 93 67
39 33 42
39 22 25
39 5 91
39 28 12
39 86 93
39 85 23
39 23 81
39 97 48
40 61 24
40 11 30
40 83 75
40 86 59
40 68 61
40 46 98
40 48 89
40 62 31
40 47 11
40 1 19
40 32 36
40 66 79
40 9 16
40 80 98
40 34 5
40 85 86
40 96 96
40 54 15
40 84 9
40 51 20
40 29 31
40 25 71
40 5 9
40 75 69
40 99 5
40 50 46
40 10 29
40 42 93
40 8 59
40 7 11
40 43 61
40 53 32
40 70 90
40 93 24
40 98 37
40 89 92
40 87 87
40 57 1
40 76 28
40 71 86
40 79 31
40 30 41
40 92 72
40 55 60
40 94 9
40 52 95
40 27 56
40 21 85
40 73 81
40 41 44
40 91 80
40 63 59
40 78 94
40 38 30
40 13 55
40 59 37
40 82 90
40 14 73
40 15 55
40 4 90
40 81 72
40 39 48
40 26 79
40 65 66
40 60 85
40 2 88
40 18 8
40 56 35
40 77 65
40 19 18
40 72 79
40 97 50
40 0 30
40 58 61
40 6 35
40 31 41
40 49 29
40 33 47
40 67 41
40 16 57
40 20 49
40 88 17
40 3 73
40 37 51
40 45 10
40 12 39
40 24 57
40 17 95
40 28 91
40 69 49
40 95 3
40 90 15
40 74 96
40 36 93
40 35 70
40 64 31
40 23 8
40 22 5
40 44 15
41 25 1
41 57 7
41 35 20
41 18 73
41 52 89
41 70 14
41 14 28
41 27 60
41 16 40
41 99 80
41 7 7
41 36 55
41 54 92
41 66 69
41 80 9
41 38 28
41 4 82
41 49 79
41 61 97
41 39 16
41 87 60
41 46 92
41 68 85
41 37 18
41 98 87
41 48 78
41 91 39
41 9 87
41 83 44
41 62 84
41 92 71
41 47 72
41 96 85
41 85 14
41 76 3
41 15 45
41 26 68
41 10 95
41 95 1
41 56 31
41 31 64
41 30 54
41 40 44
41 22 47
41 12 63
41 34 48
41 11 62
41 44 100
41 50 93
41 86 82
41 58 66
41 6 65
41 71 75
41 78 27
41 17 35
41 60 68
41 89 26
41 32 98
41 72 57
41 0 63
41 90 48
41 53 15
41 88 4
41 73 29
41 75 69
41 64 12
41 79 19
41 33 99
41 29 43
41 77 50
41 84 69
41 28 17
41 51 93
41 13 51
41 69 31
41 65 72
41 24 95
41 23 5
41 59 89
41 42 89
41 43 57
41 63 72
41 45 66
41 3 4
41 2 40
41 55 92
41 19 96
41 97 19
41 74 66
41 21 78
41 93 43
41 5 34
41 82 84
41 94 91
41 8 62
41 81 86
41 20 47
41 1 93
41 67 33
42 21 3
42 5 88
42 38 19
42 98 12
42 88 67
42 30 25
42 93 41
42 79 94
42 76 28
42 87 98
42 47 3
42 70 81
42 29 53
42 24 4
42 54 89
42 73 86
42 84 63
42 36 61
42 22 22
42 92 60
42 13 37
42 6 73
42 71 21
42 3 23
42 56 83
42 35 84
42 83 46
42 25 73
42 86 3
42 52 93
42 4 36
42 69 58
42 46 7
42 61 2
42 23 38
42 81 13
42 67 44
42 49 98
42 40 93
42 75 25
42 72 17
42 8 51
42 0 4
42 90 73
42 94 9
42 63 44
42 1 4
42 10 89
42 11 86
42 77 1
42 82 1
42 89 10
42 28 78
42 44 30
42 66 99
42 95 46
42 15 29
42 18 87
42 57 89
42 26 27
42 91 48
42 60 27
42 17 99
42 55 55
42 9 25
42 65 25
42 97 12
42 45 83
42 99 4
42 27 49
42 74 64
42 7 70
42 96 60
42 33 93
42 51 83
42 34 16
42 53 50
42 14 72
42 59 29
42 37 30
42 32 51
42 50 66
42 68 28
42 39 72
42 78 28
42 16 71
42 85 6
42 58 50
42 41 89
42 2 78
42 43 50
42 80 32
42 19 66
42 12 1
42 62 62
42 64 40
42 48 58
42 20 36
42 31 69
43 22 50
43 17 16
43 64 69
43 80 17
43 18 3
43 76 79
43 69 78
43 21 55
43 38 12
43 54 88
43 35 8
43 68 67
43 61 82
43 29 81
43 78 42
43 14 2
43 98 47
43 6 60
43 47 81
43 55 43
43 97 84
43 26 16
43 37 91
43 56 56
43 96 52
43 66 58
43 36 22
43 39 33
43 86 90
43 44 63
43 32 45
43 94 74
43 58 64
43 60 38
43 75 44
43 57 25
43 40 61
43 63 94
43 79 97
43 9 55
43 73 94
43 45 52
43 67 27
43 70 78
43 72 76
43 52 12
43 91 3
43 89 43
43 82 39
43 7 67
43 3 91
43 15 99
43 84 78
43 81 65
43 53 61
43 4 18
43 30 31
43 85 91
43 83 89
43 74 45
43 12 24
43 23 46
43 27 77
43 93 26
43 46 27
43 8 11
43 77 74
43 5 56
43 87 25
43 13 84
43 28 7
43 2 21
43 0 69
43 31 31
43 25 66
43 1 63
43 33 64
43 49 77
43 65 41
43 24 93
43 20 66
43 99 32
43 48 50
43 71 79
43 95 55
43 62 63
43 59 42
43 10 53
43 51 32
43 41 57
43 88 72
43 42 50
43 16 53
43 19 55
43 34 21
43 92 87
43 90 39
43 11 36
43 50 26
44 31 7
44 97 92
44 12 40
44 54 76
44 69 64
44 53 51
44 95 60
44 84 51
44 79 67
44 83 98
44 18 45
44 88 11
44 48 46
44 72 92
44 92 62
44 81 35
44 58 43
44 68 66
44 16 81
44 29 48
44 36 77
44 15 40
44 73 82
44 52 93
44 37 32
44 43 63
44 8 48
44 50 40
44 7 86
44 67 96
44 5 35
44 47 26
44 98 75
44 9 13
44 1 45
44 71 39
44 19 58
44 27 49
44 10 12
44 35 44
44 65 78
44 34 37
44 33 1
44 62 62
44 66 52
44 99 73
44 30 36
44 17 67
44 96 5
44 41 100
44 80 87
44 46 65
44 85 91
44 23 99
44 42 30
44 59 84
44 51 63
44 11 64
44 75 17
44 61 60
44 86 27
44 76 58
44 78 100
44 2 92
44 56 87
44 0 20
44 77 90
44 4 86
44 91 32
44 25 72
44 45 84
44 89 51
44 55 58
44 94 20
44 64 64
44 21 70
44 74 100
44 13 52
44 93 63
44 38 33
44 39 13
44 6 60
44 87 58
44 63 2
44 26 65
44 60 29
44 70 8
44 24 82
44 3 99
44 22 53
44 49 37
44 90 28
44 28 54
44 20 67
44 82 23
44 57 34
44 14 95
44 32 38
44 40 15
45 28 3
45 26 55
45 2 23
45 92 28
45 39 34
45 85 19
45 33 12
45 77 60
45 55 5
45 90 84
45 47 84
45 89 24
45 87 66
45 35 40
45 4 69
45 58 19
45 76 87
45 75 29
45 30 25
45 94 52
45 9 55
45 34 56
45 51 79
45 13 91
45 84 84
45 71 5
45 60 48
45 65 40
45 67 38
45 46 43
45 38 40
45 72 48
45 12 54
45 43 52
45 3 71
45 86 17
45 52 72
45 17 87
45 18 83
45 99 44
45 96 7
45 83 59
45 19 39
45 70 51
45 21 72
45 63 82
45 74 36
45 8 75
45 61 40
45 1 83
45 15 1
45 95 29
45 14 19
45 54 86
45 56 43
45 10 44
45 80 99
45 78 29
45 36 19
45 20 82
45 25 8
45 32 59
45 66 52
45 48 11
45 79 36
45 29 57
45 49 25
45 62 83
45 42 83
45 69 16
45 50 99
45 44 84
45 59 11
45 6 81
45 37 10
45 23 80
45 53 70
45 24 65
45 7 54
45 31 37
45 68 83
45 40 10
45 73 39
45 98 47
45 97 59
45 82 19
45 0 24
45 16 87
45 91 4
45 41 66
45 27 20
45 64 44
45 93 49
45 57 53
45 81 84
45 5 85
45 11 72
45 88 68
45 22 68
46 48 5
46 12 84
46 81 38
46 40 98
46 38 80
46 47 50
46 14 14
46 29 82
46 86 8
46 5 94
46 50 17
46 59 49
46 6 2
46 94 79
46 66 38
46 24 6
46 8 4
46 89 93
46 10 94
46 41 92
46 42 7
46 19 45
46 13 20
46 35 96
46 33 52
46 20 29
46 45 43
46 99 57
46 57 74
46 62 11
46 15 39
46 22 6
46 51 74
46 82 42
46 83 60
46 34 73
46 71 75
46 61 93
46 77 62
46 75 69
46 68 16
46 72 98
46 9 93
46 37 48
46 30 16
46 49 95
46 87 55
46 36 35
46 54 83
46 88 37
46 78 73
46 79 78
46 65 1
46 96 92
46 73 19
46 1 95
46 21 60
46 76 35
46 70 49
46 44 65
46 27 16
46 31 55
46 53 24
46 43 27
46 64 35
46 56 84
46 4 41
46 84 39
46 25 33
46 39 68
46 67 83
46 97 86
46 74 79
46 93 90
46 52 78
46 69 40
46 0 79
46 28 89
46 90 41
46 91 52
46 63 98
46 7 1
46 11 1
46 17 13
46 3 84
46 92 3
46 18 81
46 58 43
46 23 46
46 2 54
46 85 95
46 16 17
46 32 33
46 55 57
46 98 51
46 26 55
46 80 100
46 95 91
46 60 53
47 32 3
47 25 11
47 22 42
47 91 93
47 27 80
47 36 34
47 40 11
47 46 50
47 97 24
47 93 56
47 90 43
47 42 3
47 45 84
47 1 13
47 58 52
47 74 15
47 6 53
47 52 74
47 59 64
47 43 81
47 17 40
47 80 67
47 84 94
47 82 55
47 13 64
47 64 85
47 8 27
47 23 46
47 92 33
47 19 78
47 5 86
47 44 26
47 38 55
47 20 10
47 72 17
47 34 41
47 2 2
47 73 85
47 41 72
47 68 63
47 12 10
47 37 1
47 26 16
47 4 95
47 65 66
47 49 52
47 15 57
47 48 64
47 60 29
47 69 58
47 99 76
47 71 90
47 53 65
47 39 36
47 87 38
47 33 65
47 10 84
47 77 64
47 31 62
47 78 3
47 96 92
47 83 43
47 56 60
47 55 21
47 11 70
47 66 15
47 14 55
47 94 75
47 57 4
47 95 4
47 28 56
47 9 98
47 75 94
47 54 25
47 30 95
47 35 64
47 76 96
47 63 4
47 18 88
47 24 66
47 86 39
47 7 10
47 3 75
47 51 66
47 21 19
47 70 93
47 50 86
47 16 35
47 89 63
47 62 54
47 29 78
47 81 78
47 85 70
47 79 30
47 67 61
47 61 71
47 0 29
47 88 73
47 98 68
48 39 3
48 35 35
48 98 24
48 46 5
48 40 89
48 71 50
48 34 72
48 61 27
48 58 64
48 73 31
48 3 6
48 95 30
48 1 45
48 44 46
48 0 88
48 5 85
48 20 52
48 85 16
48 19 44
48 49 55
48 74 4
48 17 29
48 87 40
48 96 79
48 32 24
48 70 52
48 24 35
48 62 55
48 41 78
48 29 94
48 9 36
48 15 38
48 75 88
48 68 7
48 93 65
48 59 78
48 31 68
48 54 20
48 63 96
48 47 64
48 82 67
48 37 72
48 66 33
48 97 15
48 67 65
48 50 100
48 52 29
48 78 12
48 33 50
48 79 92
48 13 28
48 99 22
48 14 62
48 57 6
48 55 16
48 30 78
48 77 85
48 45 11
48 26 34
48 86 10
48 10 1
48 56 10
48 28 90
48 12 65
48 80 8
48 11 83
48 69 53
48 64 7
48 81 96
48 72 50
48 38 5
48 7 19
48 83 9
48 43 50
48 2 66
48 94 73
48 27 82
48 65 21
48 23 22
48 84 86
48 18 100
48 22 52
48 88 51
48 16 22
48 6 74
48 51 82
48 60 82
48 4 49
48 92 16
48 36 89
48 90 78
48 42 58
48 53 40
48 8 54
48 89 45
48 91 55
48 25 71
48 21 9
48 76 51
49 25 45
49 29 33
49 86 16
49 64 38
49 74 65
49 9 19
49 37 17
49 33 13
49 67 4
49 8 51
49 23 49
49 41 79
49 57 27
49 83 7
49 48 55
49 84 79
49 96 51
49 26 94
49 21 59
49 92 14
49 89 96
49 15 16
49 51 94
49 75 81
49 95 65
49 78 42
49 17 75
49 97 49
49 42 98
49 91 11
49 24 45
49 68 73
49 55 76
49 94 60
49 93 4
49 5 47
49 2 29
49 19 40
49 12 32
49 46 95
49 36 77
49 11 48
49 47 52
49 16 9
49 98 51
49 90 86
49 39 5
49 77 57
49 6 46
49 81 50
49 0 94
49 58 10
49 34 71
49 76 59
49 73 6
49 38 51
49 22 27
49 63 47
49 61 49
49 45 25
49 30 90
49 28 95
49 62 86
49 70 30
49 56 53
49 43 77
49 20 89
49 87 64
49 40 29
49 18 42
49 69 49
49 3 82
49 80 23
49 53 27
49 31 88
49 66 52
49 99 6
49 27 17
49 44 37
49 1 66
49 13 40
49 60 84
49 79 31
49 50 47
49 4 35
49 52 87
49 71 97
49 10 13
49 85 57
49 35 59
49 82 89
49 59 22
49 88 72
49 14 96
49 32 37
49 65 45
49 54 26
49 7 10
49 72 37
50 58 4
50 77 53
50 98 78
50 37 35
50 79 8
50 94 70
50 74 53
50 30 59
50 29 91
50 5 18
50 35 28
50 12 91
50 85 97
50 19 53
50 82 100
50 55 48
50 57 37
50 46 17
50 65 76
50 83 51
50 17 100
50 72 22
50 67 77
50 10 74
50 25 70
50 38 62
50 70 58
50 40 46
50 44 40
50 14 71
50 81 23
50 80 28
50 28 30
50 8 38
50 4 66
50 22 88
50 0 76
50 66 21
50 84 35
50 26 59
50 27 38
50 76 16
50 18 98
50 1 46
50 90 12
50 24 58
50 23 44
50 31 22
50 33 95
50 6 63
50 32 91
50 48 100
50 53 30
50 41 93
50 88 50
50 3 53
50 87 48
50 34 71
50 75 67
50 63 11
50 69 10
50 59 24
50 9 23
50 45 99
50 21 98
50 56 91
50 11 55
50 95 21
50 13 63
50 15 15
50 96 42
50 39 79
50 16 39
50 99 40
50 60 80
50 51 5
50 20 75
50 78 13
50 42 66
50 92 45
50 91 93
50 86 14
50 64 13
50 73 29
50 7 92
50 54 78
50 89 24
50 71 63
50 47 86
50 68 98
50 49 47
50 36 88
50 93 94
50 61 30
50 62 78
50 2 46
50 97 49
50 52 51
50 43 26
51 95 58
51 80 57
51 10 92
51 7 88
51 98 47
51 74 43
51 25 74
51 60 3
51 5 68
51 31 61
51 12 93
51 9 25
51 79 45
51 36 82
51 2 40
51 27 34
51 39 80
51 29 20
51 24 44
51 32 60
51 21 97
51 6 16
51 77 82
51 45 79
51 93 79
51 73 79
51 40 20
51 82 78
51 49 94
51 54 7
51 20 53
51 65 22
51 91 71
51 38 10
51 46 74
51 97 29
51 53 65
51 1 83
51 92 38
51 3 53
51 56 36
51 17 86
51 81 81
51 14 44
51 71 57
51 59 92
51 84 65
51 67 85
51 30 58
51 68 6
51 0 20
51 61 19
51 88 11
51 76 79
51 44 63
51 99 35
51 83 91
51 58 25
51 15 40
51 19 83
51 72 53
51 55 80
51 26 96
51 42 83
51 66 46
51 35 35
51 18 47
51 63 55
51 69 55
51 78 47
51 11 30
51 23 43
51 64 80
51 13 6
51 89 40
51 50 5
51 85 81
51 96 3
51 57 68
51 28 9
51 75 66
51 37 52
51 86 27
51 41 93
51 4 45
51 90 6
51 47 66
51 70 65
51 94 86
51 43 32
51 22 57
51 48 82
51 34 79
51 16 19
51 87 42
51 52 29
51 62 64
51 33 87
51 8 77
52 15 17
52 0 51
52 35 1
52 36 52
52 13 14
52 56 7
52 9 81
52 37 10
52 57 100
52 63 8
52 41 89
52 20 29
52 67 57
52 58 35
52 47 74
52 10 69
52 71 56
52 30 42
52 3 2
52 7 18
52 8 18
52 89 97
52 23 65
52 42 93
52 44 93
52 91 11
52 24 46
52 96 76
52 55 32
52 28 56
52 76 89
52 6 6
52 33 55
52 68 56
52 43 12
52 45 72
52 34 40
52 54 67
52 17 27
52 95 2
52 40 95
52 27 39
52 72 36
52 4 30
52 61 52
52 82 65
52 66 72
52 90 56
52 2 28
52 19 7
52 48 29
52 12 66
52 53 15
52 5 7
52 73 81
52 59 55
52 98 36
52 1 90
52 31 45
52 83 26
52 11 2
52 77 92
52 18 74
52 93 47
52 26 9
52 85 75
52 22 37
52 39 42
52 94 29
52 46 78
52 80 39
52 79 63
52 38 16
52 32 53
52 64 37
52 87 95
52 25 67
52 16 4
52 78 34
52 62 4
52 21 54
52 86 8
52 81 16
52 75 74
52 99 41
52 49 87
52 84 86
52 97 97
52 51 29
52 70 25
52 88 100
52 60 32
52 29 73
52 92 52
52 14 73
52 74 82
52 50 51
52 69 47
52 65 46
53 86 24
53 62 62
53 70 90
53 16 15
53 96 61
53 69 6
53 56 40
53 39 1
53 65 25
53 44 51
53 19 43
53 88 93
53 90 91
53 73 99
53 76 63
53 30 63
53 72 23
53 85 3
53 84 19
53 25 33
53 71 35
53 4 31
53 64 46
53 57 59
53 78 59
53 77 3
53 81 59
53 40 32
53 26 91
53 29 87
53 51 65
53 6 8
53 15 61
53 94 45
53 13 59
53 60 21
53 92 71
53 99 46
53 7 82
53 33 65
53 43 61
53 17 86
53 63 77
53 3 20
53 80 24
53 8 76
53 24 10
53 36 94
53 50 30
53 75 76
53 47 65
53 10 68
53 87 27
53 61 25
53 46 24
53 52 15
53 59 23
53 28 59
53 66 49
53 21 57
53 93 58
53 1 37
53 9 37
53 83 22
53 41 15
53 37 10
53 91 68
53 55 61
53 45 70
53 54 24
53 42 50
53 34 22
53 11 43
53 98 96
53 49 27
53 27 96
53 68 84
53 82 74
53 97 98
53 2 34
53 67 97
53 32 21
53 0 12
53 74 31
53 35 49
53 89 80
53 12 43
53 18 20
53 79 81
53 23 21
53 38 51
53 22 88
53 58 28
53 14 63
53 31 43
53 95 16
53 48 40
53 5 91
53 20 30
54 93 39
54 17 71
54 67 23
54 97 69
54 96 77
54 15 84
54 81 96
54 99 54
54 89 22
54 44 76
54 84 73
54 42 89
54 43 88
54 63 71
54 41 92
54 30 11
54 12 98
54 19 25
54 25 88
54 65 79
54 27 98
54 40 15
54 79 72
54 2 23
54 74 65
54 80 83
54 90 60
54 3 33
54 60 12
54 36 21
54 1 63
54 51 7
54 21 53
54 86 18
54 7 68
54 11 98
54 23 33
54 59 91
54 62 24
54 75 90
54 32 45
54 76 16
54 70 76
54 24 22
54 57 60
54 35 52
54 55 19
54 48 20
54 52 67
54 87 1
54 9 95
54 37 63
54 46 83
54 98 27
54 64 4
54 71 21
54 77 84
54 45 86
54 33 21
54 61 61
54 92 19
54 31 5
54 22 95
54 4 17
54 82 99
54 34 25
54 10 23
54 8 28
54 85 83
54 91 11
54 94 70
54 68 16
54 69 89
54 16 89
54 58 58
54 26 23
54 66 7
54 53 24
54 83 86
54 47 25
54 18 4
54 14 15
54 29 96
54 39 97
54 20 37
54 88 57
54 73 82
54 13 68
54 72 18
54 50 78
54 0 58
54 78 75
54 5 40
54 28 37
54 6 85
54 49 26
54 38 87
54 95 89
54 56 82
55 83 65
55 13 11
55 7 8
55 33 34
55 57 53
55 10 42
55 38 65
55 45 5
55 36 64
55 0 77
55 50 48
55 37 88
55 25 24
55 1 57
55 30 43
55 79 7
55 4 31
55 43 43
55 16 92
55 91 47
55 11 89
55 84 88
55 70 57
55 71 22
55 61 94
55 31 88
55 5 75
55 52 32
55 73 42
55 49 76
55 35 90
55 93 33
55 97 28
55 98 91
55 69 50
55 24 42
55 26 8
55 90 19
55 58 94
55 28 43
55 15 46
55 92 82
55 54 19
55 40 60
55 77 62
55 20 88
55 21 90
55 9 65
55 27 19
55 66 54
55 12 38
55 95 87
55 74 21
55 65 90
55 17 58
55 6 55
55 81 29
55 32 82
55 96 42
55 3 87
55 2 55
55 60 85
55 48 16
55 42 55
55 63 38
55 22 19
55 89 88
55 51 80
55 80 16
55 39 78
55 82 91
55 47 21
55 94 31
55 44 58
55 87 51
55 29 20
55 53 61
55 59 37
55 75 32
55 72 23
55 34 48
55 88 49
55 67 77
55 62 12
55 14 1
55 8 85
55 41 92
55 19 5
55 56 71
55 99 61
55 46 57
55 78 14
55 23 96
55 86 95
55 18 4
55 76 45
55 64 17
55 85 10
55 68 57
56 19 51
56 90 92
56 52 7
56 68 91
56 36 41
56 88 43
56 53 40
56 37 89
56 16 88
56 99 61
56 65 58
56 87 40
56 69 92
56 79 50
56 14 37
56 61 6
56 11 69
56 81 94
56 83 57
56 70 13
56 94 19
56 43 56
56 57 93
56 39 67
56 42 83
56 6 82
56 13 15
56 22 97
56 10 31
56 97 2
56 17 73
56 4 93
56 76 56
56 3 16
56 75 84
56 0 95
56 18 53
56 28 64
56 93 70
56 84 38
56 51 36
56 20 82
56 41 31
56 60 34
56 45 43
56 38 97
56 34 76
56 9 67
56 25 80
56 92 44
56 35 21
56 46 84
56 78 18
56 82 16
56 15 93
56 7 19
56 91 78
56 29 71
56 48 10
56 44 87
56 40 35
56 50 91
56 47 60
56 98 91
56 77 53
56 49 53
56 59 39
56 89 93
56 62 31
56 86 33
56 23 30
56 64 73
56 66 2
56 5 77
56 12 98
56 85 13
56 73 11
56 2 87
56 74 94
56 31 43
56 33 90
56 24 94
56 96 55
56 32 60
56 26 63
56 63 92
56 95 63
56 55 71
56 30 57
56 67 38
56 58 31
56 1 14
56 21 29
56 27 83
56 80 92
56 71 29
56 72 91
56 8 53
56 54 82
57 32 64
57 96 18
57 22 9
57 59 25
57 41 7
57 31 51
57 21 72
57 34 5
57 52 100
57 55 53
57 87 56
57 11 58
57 61 8
57 68 86
57 50 37
57 83 68
57 89 49
57 13 25
57 17 36
57 97 15
57 72 59
57 15 88
57 1 10
57 49 27
57 75 38
57 56 93
57 18 83
57 99 48
57 46 74
57 53 59
57 43 25
57 77 62
57 19 4
57 60 55
57 16 50
57 6 22
57 84 2
57 28 85
57 25 96
57 40 1
57 91 16
57 37 44
57 20 30
57 58 29
57 29 74
57 8 77
57 30 58
57 54 60
57 63 11
57 7 36
57 9 93
57 36 10
57 92 78
57 39 5
57 38 9
57 80 88
57 64 1
57 67 24
57 10 95
57 81 52
57 26 53
57 2 78
57 3 20
57 78 17
57 0 91
57 42 89
57 23 57
57 12 69
57 48 6
57 70 20
57 79 61
57 4 45
57 65 39
57 27 56
57 47 4
57 73 11
57 98 3
57 66 74
57 88 25
57 51 68
57 90 20
57 35 73
57 94 4
57 5 31
57 76 63
57 85 43
57 24 16
57 33 78
57 74 30
57 82 14
57 95 22
57 45 53
57 44 34
57 62 50
57 69 52
57 14 18
57 86 32
57 71 61
57 93 20
58 88 85
58 50 4
58 17 87
58 27 26
58 91 40
58 79 5
58 28 100
58 31 15
58 85 28
58 48 64
58 4 67
58 12 27
58 33 79
58 29 55
58 47 52
58 52 35
58 45 19
58 2 13
58 84 45
58 6 77
58 76 85
58 44 43
58 34 70
58 97 32
58 14 7
58 5 67
58 26 94
58 21 51
58 64 42
58 19 36
58 63 71
58 98 4
58 43 64
58 3 53
58 68 88
58 11 92
58 89 1
58 69 16
58 60 6
58 59 42
58 35 18
58 62 49
58 83 82
58 73 14
58 55 94
58 57 29
58 8 30
58 67 35
58 65 74
58 13 84
58 1 99
58 72 82
58 10 5
58 37 46
58 20 87
58 81 95
58 93 23
58 39 53
58 0 61
58 41 66
58 49 10
58 71 18
58 96 89
58 18 63
58 24 37
58 51 25
58 66 16
58 25 87
58 32 36
58 78 3
58 95 7
58 38 36
58 99 85
58 16 100
58 54 58
58 77 77
58 9 49
58 80 92
58 40 61
58 90 88
58 82 21
58 75 66
58 7 64
58 94 46
58 36 13
58 46 43
58 61 13
58 42 50
58 74 72
58 30 12
58 86 96
58 23 88
58 92 45
58 22 85
58 53 28
58 56 31
58 70 5
58 87 9
58 15 81
59 39 18
59 57 25
59 85 90
59 88 83
59 5 89
59 33 91
59 34 61
59 12 54
59 61 76
59 18 78
59 46 49
59 47 64
59 64 90
59 27 27
59 83 88
59 6 98
59 77 77
59 95 18
59 82 25
59 21 7
59 30 80
59 72 84
59 92 41
59 78 38
59 31 100
59 54 91
59 11 94
59 1 98
59 58 42
59 0 4
59 25 47
59 10 65
59 79 22
59 86 32
59 48 78
59 26 92
59 3 57
59 75 99
59 38 4
59 96 95
59 35 63
59 2 42
59 29 67
59 24 86
59 15 40
59 23 13
59 51 92
59 63 12
59 81 19
59 40 37
59 76 54
59 37 3
59 44 84
59 52 55
59 53 23
59 28 48
59 22 87
59 87 53
59 14 45
59 36 30
59 65 66
59 50 24
59 4 18
59 73 7
59 91 92
59 45 11
59 98 78
59 32 22
59 68 64
59 56 39
59 66 13
59 93 61
59 55 37
59 42 29
59 84 4
59 60 51
59 89 71
59 97 69
59 90 36
59 16 16
59 19 17
59 99 91
59 74 67
59 70 96
59 62 90
59 41 89
59 43 42
59 17 70
59 20 7
59 67 76
59 9 69
59 49 22
59 7 56
59 8 90
59 69 75
59 13 59
59 71 62
59 94 78
59 80 85
60 20 82
60 84 37
60 95 89
60 62 84
60 81 35
60 23 57
60 72 27
60 18 88
60 51 3
60 87 41
60 26 67
60 79 1
60 5 48
60 85 4
60 80 26
60 31 5
60 67 33
60 9 54
60 63 69
60 98 64
60 21 91
60 71 42
60 64 96
60 29 81
60 45 48
60 73 10
60 54 12
60 82 46
60 22 35
60 75 65
60 32 36
60 43 38
60 89 53
60 6 86
60 76 8
60 1 69
60 0 70
60 57 55
60 17 66
60 68 81
60 58 6
60 16 33
60 66 21
60 13 40
60 83 65
60 53 21
60 91 47
60 14 88
60 27 84
60 47 29
60 56 34
60 12 19
60 93 62
60 38 1
60 55 85
60 39 71
60 77 95
60 42 27
60 41 68
60 30 10
60 74 96
60 40 85
60 19 7
60 86 5
60 8 5
60 96 81
60 70 39
60 92 32
60 61 13
60 24 32
60 65 25
60 50 80
60 59 51
60 3 38
60 34 37
60 33 30
60 15 17
60 10 41
60 44 29
60 97 47
60 7 71
60 94 7
60 99 28
60 4 78
60 49 84
60 35 20
60 48 82
60 2 66
60 28 63
60 90 25
60 78 28
60 52 32
60 69 24
60 36 59
60 46 53
60 88 28
60 25 48
60 11 42
60 37 96
61 78 38
61 40 24
61 8 23
61 59 76
61 48 27
61 57 8
61 62 25
61 86 39
61 23 65
61 27 97
61 95 60
61 43 82
61 38 72
61 56 6
61 2 29
61 63 21
61 34 5
61 68 2
61 91 72
61 82 17
61 97 83
61 10 71
61 41 97
61 28 29
61 18 96
61 92 100
61 70 17
61 65 79
61 26 86
61 55 94
61 42 2
61 85 95
61 83 17
61 39 52
61 67 59
61 30 5
61 33 11
61 81 34
61 16 46
61 96 24
61 74 3
61 11 7
61 46 93
61 36 71
61 21 36
61 99 33
61 19 86
61 90 43
61 69 41
61 3 98
61 37 68
61 5 10
61 45 40
61 12 78
61 52 52
61 25 31
61 54 61
61 7 46
61 72 44
61 6 77
61 66 38
61 53 25
61 51 19
61 15 70
61 20 62
61 44 60
61 84 71
61 9 76
61 77 40
61 49 49
61 4 14
61 73 74
61 0 38
61 1 3
61 76 66
61 98 61
61 89 90
61 60 13
61 13 65
61 31 88
61 79 27
61 32 86
61 58 13
61 87 53
61 71 90
61 88 95
61 75 51
61 14 1
61 22 35
61 80 73
61 35 73
61 94 17
61 50 30
61 17 80
61 29 74
61 64 50
61 47 71
61 24 10
61 93 18
62 53 62
62 34 7
62 60 84
62 64 41
62 63 94
62 89 32
62 18 17
62 40 31
62 67 53
62 10 86
62 69 39
62 61 25
62 13 8
62 66 35
62 27 44
62 75 95
62 87 25
62 85 32
62 90 69
62 16 84
62 11 6
62 0 97
62 28 87
62 99 3
62 94 93
62 88 81
62 48 55
62 3 15
62 96 12
62 21 21
62 46 11
62 79 72
62 54 24
62 4 8
62 20 4
62 23 42
62 86 65
62 19 17
62 41 84
62 73 84
62 92 67
62 80 65
62 1 18
62 39 58
62 58 49
62 70 14
62 78 34
62 2 22
62 7 92
62 31 33
62 14 38
62 68 22
62 44 62
62 26 56
62 93 21
62 30 38
62 72 1
62 83 58
62 38 99
62 5 41
62 25 20
62 74 7
62 17 48
62 32 26
62 76 57
62 15 49
62 95 29
62 84 98
62 37 78
62 45 83
62 49 86
62 8 87
62 82 18
62 56 31
62 97 2
62 52 4
62 29 37
62 55 12
62 98 60
62 24 60
62 77 37
62 33 53
62 59 90
62 43 63
62 35 76
62 12 23
62 42 62
62 91 3
62 6 93
62 9 77
62 71 2
62 22 31
62 47 54
62 57 50
62 51 64
62 81 26
62 50 78
62 36 99
62 65 98
63 29 80
63 62 94
63 74 69
63 96 65
63 52 8
63 99 74
63 93 25
63 89 55
63 73 92
63 24 21
63 67 93
63 6 82
63 4 44
63 72 32
63 54 71
63 60 69
63 82 43
63 61 21
63 77 46
63 26 28
63 7 68
63 14 37
63 3 32
63 25 11
63 58 71
63 10 68
63 71 97
63 70 61
63 88 83
63 80 78
63 86 24
63 43 94
63 23 67
63 68 33
63 98 28
63 31 86
63 1 75
63 22 98
63 5 33
63 57 11
63 27 36
63 48 96
63 15 5
63 42 44
63 30 97
63 45 82
63 40 59
63 2 51
63 53 77
63 36 9
63 33 23
63 28 87
63 59 12
63 34 95
63 16 21
63 69 93
63 37 15
63 95 68
63 94 52
63 65 87
63 18 55
63 50 11
63 13 17
63 78 52
63 8 66
63 17 21
63 49 47
63 92 43
63 55 38
63 19 11
63 9 60
63 35 3
63 75 40
63 51 55
63 64 5
63 47 4
63 32 30
63 21 23
63 46 98
63 0 43
63 44 2
63 38 83
63 84 52
63 83 4
63 66 60
63 11 43
63 91 36
63 76 48
63 87 2
63 12 69
63 41 72
63 39 64
63 20 43
63 56 92
63 79 16
63 81 48
63 90 4
63 85 30
63 97 87
64 22 40
64 65 95
64 43 69
64 27 5
64 49 38
64 62 41
64 80 85
64 39 91
64 76 22
64 19 35
64 59 90
64 60 96
64 77 51
64 25 31
64 16 61
64 99 93
64 89 24
64 9 97
64 13 70
64 37 21
64 47 85
64 10 13
64 58 42
64 85 29
64 3 15
64 23 49
64 53 46
64 7 94
64 82 44
64 81 5
64 83 51
64 72 11
64 26 51
64 12 66
64 5 30
64 31 93
64 75 41
64 4 5
64 54 4
64 57 1
64 11 47
64 20 5
64 96 55
64 92 42
64 2 85
64 73 48
64 18 91
64 8 16
64 95 95
64 46 35
64 69 68
64 36 42
64 28 19
64 86 17
64 68 74
64 44 64
64 84 53
64 17 6
64 41 12
64 48 7
64 88 76
64 34 27
64 63 5
64 51 80
64 94 84
64 79 15
64 52 37
64 70 69
64 56 73
64 93 32
64 66 33
64 74 90
64 14 81
64 97 90
64 24 58
64 50 13
64 1 29
64 30 26
64 33 22
64 78 88
64 90 98
64 35 55
64 0 38
64 29 2
64 45 44
64 42 40
64 98 12
64 38 61
64 15 74
64 71 41
64 67 5
64 40 31
64 87 23
64 91 27
64 61 50
64 6 6
64 32 24
64 55 17
64 21 84
65 78 10
65 3 2
65 64 95
65 70 45
65 35 2
65 10 45
65 81 32
65 37 55
65 34 100
65 96 79
65 53 25
65 19 19
65 85 2
65 56 58
65 5 51
65 38 74
65 66 15
65 8 52
65 50 76
65 2 27
65 54 79
65 30 16
65 61 79
65 92 58
65 45 40
65 21 81
65 22 15
65 51 22
65 18 100
65 75 64
65 12 21
65 69 58
65 99 38
65 24 90
65 80 56
65 91 20
65 13 2
65 44 78
65 47 66
65 79 69
65 58 74
65 93 86
65 74 33
65 6 63
65 7 53
65 71 93
65 4 46
65 84 29
65 46 1
65 17 26
65 55 90
65 98 15
65 32 76
65 73 59
65 63 87
65 31 54
65 83 35
65 14 73
65 77 20
65 95 73
65 42 25
65 40 66
65 72 22
65 59 66
65 82 96
65 89 98
65 57 39
65 88 21
65 33 57
65 43 41
65 39 54
65 76 65
65 11 61
65 60 25
65 36 63
65 97 76
65 23 8
65 20 69
65 90 88
65 16 64
65 26 12
65 86 2
65 48 21
65 41 72
65 27 94
65 0 74
65 94 82
65 68 19
65 25 24
65 29 96
65 15 41
65 87 29
65 49 45
65 1 82
65 28 80
65 9 82
65 67 55
65 62 98
65 52 46
66 25 55
66 71 26
66 5 38
66 84 39
66 79 29
66 34 24
66 28 99
66 95 44
66 62 35
66 40 79
66 65 15
66 2 46
66 41 69
66 91 78
66 96 88
66 89 51
66 32 86
66 12 43
66 82 67
66 85 20
66 46 38
66 67 20
66 43 58
66 68 10
66 14 77
66 16 99
66 26 95
66 94 16
66 86 45
66 90 76
66 77 97
66 19 95
66 81 39
66 80 79
66 20 89
66 17 96
66 10 16
66 75 26
66 9 50
66 50 21
66 60 21
66 35 67
66 72 77
66 93 4
66 31 18
66 98 71
66 88 45
66 1 35
66 44 52
66 4 71
66 55 54
66 69 96
66 48 33
66 92 45
66 52 72
66 61 38
66 97 90
66 42 99
66 45 52
66 53 49
66 99 99
66 58 16
66 87 62
66 36 18
66 47 15
66 27 11
66 30 29
66 33 31
66 51 46
66 54 7
66 59 13
66 8 79
66 39 90
66 18 19
66 57 74
66 3 4
66 29 69
66 73 59
66 70 87
66 21 55
66 7 6
66 22 20
66 56 2
66 0 95
66 24 100
66 11 15
66 64 33
66 49 52
66 63 60
66 15 80
66 23 58
66 74 21
66 6 89
66 13 86
66 37 32
66 83 70
66 78 51
66 76 16
66 38 16
67 83 31
67 37 44
67 54 23
67 20 44
67 9 12
67 11 27
67 27 52
67 62 53
67 63 93
67 4 43
67 52 57
67 49 4
67 86 9
67 60 33
67 94 65
67 90 9
67 88 28
67 79 11
67 50 77
67 66 20
67 68 56
67 82 1
67 39 8
67 98 84
67 42 44
67 93 16
67 38 36
67 13 56
67 61 59
67 45 38
67 80 70
67 84 54
67 44 96
67 26 39
67 1 54
67 87 50
67 43 27
67 72 81
67 81 14
67 36 83
67 5 65
67 92 94
67 69 68
67 34 99
67 2 15
67 10 73
67 58 35
67 74 96
67 18 21
67 19 15
67 16 32
67 24 92
67 57 24
67 23 22
67 99 7
67 29 61
67 48 65
67 51 85
67 33 53
67 95 82
67 76 22
67 25 27
67 0 84
67 14 45
67 46 83
67 31 20
67 7 41
67 15 91
67 6 3
67 30 12
67 8 93
67 22 48
67 89 39
67 73 98
67 77 56
67 35 61
67 40 41
67 28 99
67 55 77
67 53 97
67 75 61
67 32 33
67 91 74
67 96 62
67 97 90
67 17 65
67 59 76
67 56 38
67 70 3
67 12 17
67 64 5
67 78 38
67 71 47
67 85 42
67 47 61
67 3 5
67 65 55
67 41 33
67 21 45
68 79 81
68 40 61
68 56 91
68 22 20
68 98 35
68 76 5
68 3 31
68 15 92
68 29 94
68 57 86
68 43 67
68 38 4
68 6 14
68 10 60
68 61 2
68 44 66
68 37 82
68 95 66
68 78 65
68 0 62
68 20 25
68 89 52
68 67 56
68 66 10
68 41 85
68 25 77
68 49 73
68 58 88
68 19 58
68 60 81
68 52 56
68 63 33
68 73 60
68 4 53
68 94 68
68 46 16
68 48 7
68 47 63
68 18 25
68 90 6
68 97 93
68 33 46
68 75 79
68 62 22
68 96 63
68 32 38
68 70 7
68 21 35
68 93 28
68 26 16
68 71 86
68 1 86
68 24 27
68 88 12
68 99 71
68 51 6
68 13 69
68 11 82
68 23 82
68 80 89
68 31 22
68 30 31
68 91 62
68 92 42
68 54 16
68 36 17
68 64 74
68 59 64
68 86 60
68 16 11
68 74 49
68 14 46
68 82 4
68 2 78
68 39 71
68 9 66
68 87 43
68 84 95
68 27 31
68 12 76
68 5 76
68 72 42
68 53 84
68 85 46
68 81 30
68 45 83
68 42 28
68 7 54
68 34 28
68 50 98
68 8 96
68 65 19
68 77 10
68 35 23
68 28 35
68 83 7
68 69 15
68 17 15
68 55 57
69 31 85
69 9 40
69 29 1
69 43 78
69 26 22
69 53 6
69 32 65
69 44 64
69 62 39
69 12 96
69 56 92
69 39 67
69 85 67
69 25 98
69 90 44
69 79 26
69 75 31
69 16 8
69 20 31
69 33 93
69 96 20
69 93 76
69 42 58
69 18 47
69 73 56
69 65 58
69 58 16
69 55 50
69 10 86
69 36 93
69 81 43
69 67 68
69 14 40
69 35 60
69 21 63
69 77 59
69 61 41
69 97 29
69 94 100
69 28 41
69 1 72
69 72 17
69 70 13
69 2 7
69 92 73
69 47 58
69 66 96
69 13 86
69 15 47
69 63 93
69 27 14
69 19 63
69 71 81
69 64 68
69 50 10
69 37 17
69 82 33
69 45 16
69 83 38
69 98 46
69 89 73
69 54 89
69 46 40
69 7 41
69 88 3
69 0 3
69 48 53
69 51 55
69 23 1
69 5 31
69 8 10
69 80 18
69 49 49
69 99 9
69 74 87
69 22 74
69 4 12
69 41 31
69 3 51
69 76 48
69 87 33
69 40 49
69 78 62
69 24 40
69 38 34
69 17 86
69 34 90
69 6 6
69 57 52
69 84 35
69 59 75
69 86 42
69 30 63
69 68 15
69 60 24
69 11 75
69 91 46
69 95 99
69 52 47
70 4 99
70 37 74
70 65 45
70 26 88
70 84 4
70 88 3
70 53 90
70 78 75
70 41 14
70 3 1
70 72 70
70 98 32
70 34 54
70 81 39
70 42 81
70 18 77
70 0 31
70 79 32
70 31 100
70 87 56
70 2 64
70 9 44
70 56 13
70 61 17
70 55 57
70 82 42
70 35 75
70 6 34
70 50 58
70 91 36
70 48 52
70 73 23
70 92 87
70 63 61
70 38 50
70 15 89
70 86 6
70 40 90
70 43 78
70 71 49
70 99 87
70 14 26
70 54 76
70 17 70
70 62 14
70 29 26
70 45 51
70 32 73
70 69 13
70 68 7
70 11 56
70 16 64
70 46 49
70 94 24
70 89 87
70 1 87
70 36 46
70 7 5
70 10 28
70 33 4
70 8 34
70 19 26
70 57 20
70 77 84
70 93 49
70 39 8
70 95 35
70 83 77
70 25 23
70 24 20
70 60 39
70 13 65
70 49 30
70 27 5
70 12 82
70 28 8
70 76 49
70 20 62
70 23 13
70 85 8
70 74 1
70 64 69
70 97 90
70 75 75
70 96 76
70 66 87
70 59 96
70 90 42
70 44 8
70 30 56
70 5 57
70 51 65
70 47 93
70 80 20
70 21 76
70 67 3
70 58 5
70 52 25
70 22 80
71 93 43
71 27 46
71 16 71
71 66 26
71 34 52
71 81 27
71 36 76
71 24 72
71 74 73
71 98 84
71 48 50
71 97 10
71 9 34
71 14 46
71 88 21
71 99 53
71 15 79
71 52 56
71 72 49
71 60 42
71 84 12
71 12 59
71 42 21
71 55 22
71 45 5
71 53 35
71 63 97
71 86 49
71 32 38
71 35 37
71 87 31
71 10 19
71 46 75
71 70 49
71 26 17
71 44 39
71 40 86
71 91 49
71 39 83
71 3 95
71 23 21
71 77 44
71 85 21
71 54 21
71 92 6
71 65 93
71 38 8
71 19 25
71 51 57
71 31 50
71 89 88
71 68 86
71 47 90
71 22 22
71 0 80
71 83 11
71 20 57
71 78 30
71 28 16
71 2 86
71 8 41
71 58 18
71 41 75
71 69 81
71 17 89
71 33 15
71 7 3
71 82 43
71 95 12
71 4 4
71 5 83
71 96 35
71 73 69
71 79 83
71 18 46
71 43 79
71 61 90
71 37 10
71 90 17
71 29 25
71 75 52
71 50 63
71 94 11
71 30 5
71 49 97
71 21 59
71 62 2
71 64 41
71 80 89
71 6 64
71 13 58
71 11 12
71 67 47
71 57 61
71 1 76
71 59 62
71 25 19
71 56 29
71 76 70
72 22 95
72 8 17
72 16 5
72 60 27
72 79 82
72 7 11
72 77 20
72 70 70
72 98 20
72 5 83
72 9 39
72 63 32
72 44 92
72 71 49
72 27 41
72 31 69
72 57 59
72 53 23
72 50 22
72 96 63
72 6 83
72 37 32
72 10 82
72 59 84
72 24 49
72 91 50
72 42 17
72 45 48
72 47 17
72 67 81
72 33 22
72 43 76
72 64 11
72 34 64
72 46 98
72 66 77
72 39 15
72 78 71
72 69 17
72 52 36
72 58 82
72 0 73
72 20 37
72 62 1
72 75 33
72 13 27
72 99 64
72 14 35
72 80 92
72 61 44
72 12 92
72 95 55
72 35 26
72 19 38
72 30 2
72 29 42
72 2 57
72 17 27
72 88 44
72 23 96
72 65 22
72 1 56
72 41 57
72 51 53
72 40 79
72 89 35
72 85 39
72 48 50
72 76 50
72 81 27
72 55 23
72 97 15
72 74 1
72 68 42
72 73 11
72 15 54
72 25 62
72 28 17
72 87 68
72 83 66
72 54 18
72 84 29
72 94 19
72 82 26
72 21 100
72 92 88
72 38 67
72 4 88
72 18 7
72 3 26
72 26 22
72 93 48
72 86 70
72 90 26
72 36 78
72 11 2
72 56 91
72 49 37
72 32 7
73 23 50
73 89 75
73 16 66
73 31 14
73 63 92
73 33 15
73 48 31
73 6 86
73 24 25
73 53 99
73 42 86
73 80 16
73 34 12
73 44 82
73 51 79
73 21 15
73 60 10
73 70 23
73 26 5
73 69 56
73 78 58
73 55 42
73 93 25
73 43 94
73 14 68
73 11 77
73 62 84
73 68 60
73 47 85
73 7 47
73 58 14
73 36 4
73 1 100
73 25 37
73 4 35
73 19 79
73 40 81
73 46 19
73 12 28
73 77 91
73 97 4
73 95 74
73 64 48
73 96 68
73 39 74
73 88 94
73 65 59
73 37 46
73 18 18
73 87 27
73 0 39
73 52 81
73 8 23
73 76 56
73 49 6
73 2 43
73 85 77
73 20 36
73 84 92
73 86 84
73 29 8
73 3 18
73 27 62
73 61 74
73 59 7
73 94 15
73 91 89
73 74 85
73 10 89
73 79 75
73 9 85
73 41 29
73 57 11
73 81 42
73 5 52
73 71 69
73 67 98
73 35 16
73 82 3
73 83 47
73 90 83
73 66 59
73 99 39
73 72 11
73 38 36
73 54 82
73 45 39
73 56 11
73 17 90
73 32 43
73 50 29
73 15 4
73 13 46
73 98 76
73 28 8
73 30 19
73 75 39
73 92 72
73 22 6
74 84 69
74 24 1
74 49 65
74 51 43
74 63 69
74 71 73
74 50 53
74 77 52
74 97 55
74 37 49
74 38 69
74 36 3
74 31 89
74 30 2
74 98 88
74 87 75
74 3 51
74 16 59
74 47 15
74 17 38
74 28 35
74 20 60
74 80 62
74 90 57
74 14 29
74 29 59
74 54 65
74 21 17
74 79 69
74 48 4
74 82 13
74 7 63
74 78 15
74 39 18
74 81 30
74 23 64
74 26 43
74 61 3
74 15 98
74 91 69
74 12 55
74 27 39
74 22 58
74 67 96
74 4 32
74 65 33
74 45 36
74 88 43
74 19 89
74 43 45
74 33 76
74 62 7
74 55 21
74 13 55
74 1 50
74 34 82
74 85 99
74 11 48
74 6 76
74 89 6
74 60 96
74 5 21
74 46 79
74 42 64
74 25 7
74 18 64
74 73 85
74 8 8
74 9 57
74 99 32
74 75 26
74 68 49
74 44 100
74 95 19
74 2 45
74 70 1
74 76 46
74 72 1
74 69 87
74 0 42
74 59 67
74 64 90
74 83 48
74 32 18
74 56 94
74 57 30
74 53 31
74 58 72
74 41 66
74 66 21
74 92 100
74 96 24
74 40 96
74 86 69
74 10 63
74 94 46
74 93 21
74 52 82
74 35 40
75 24 11
75 5 69
75 88 16
75 25 98
75 33 49
75 93 38
75 31 18
75 32 95
75 14 44
75 62 95
75 45 29
75 21 93
75 94 28
75 77 54
75 69 31
75 57 38
75 99 63
75 90 100
75 49 81
75 92 25
75 40 69
75 2 39
75 60 65
75 6 26
75 8 14
75 17 76
75 43 44
75 13 85
75 42 25
75 26 90
75 65 64
75 84 54
75 56 84
75 54 90
75 66 26
75 48 88
75 46 69
75 97 58
75 59 99
75 28 17
75 68 79
75 64 41
75 38 45
75 35 4
75 96 28
75 19 91
75 22 11
75 72 33
75 12 1
75 27 44
75 53 76
75 34 29
75 87 74
75 20 93
75 83 67
75 10 91
75 0 19
75 44 17
75 50 67
75 1 35
75 16 37
75 18 71
75 63 40
75 80 68
75 74 26
75 41 69
75 47 94
75 91 93
75 29 86
75 11 35
75 55 32
75 7 19
75 23 35
75 98 82
75 58 66
75 86 87
75 51 66
75 70 75
75 37 10
75 39 83
75 76 27
75 61 51
75 4 83
75 67 61
75 81 22
75 3 6
75 52 74
75 78 50
75 89 84
75 95 43
75 71 52
75 79 31
75 82 62
75 9 91
75 36 4
75 30 60
75 73 39
75 15 3
75 85 94
76 0 45
76 15 89
76 85 58
76 43 79
76 68 5
76 20 38
76 42 28
76 64 22
76 53 63
76 18 4
76 45 87
76 97 50
76 58 85
76 37 87
76 19 61
76 17 60
76 10 45
76 21 67
76 14 49
76 88 6
76 60 8
76 11 100
76 52 89
76 56 56
76 92 76
76 6 41
76 23 72
76 3 53
76 34 72
76 28 27
76 36 45
76 54 16
76 13 36
76 40 28
76 86 33
76 35 40
76 1 29
76 41 3
76 22 7
76 80 48
76 50 16
76 77 12
76 94 26
76 98 67
76 26 34
76 46 35
76 87 36
76 27 100
76 25 53
76 59 54
76 67 22
76 83 73
76 81 53
76 51 79
76 62 57
76 49 59
76 39 50
76 73 56
76 44 58
76 2 48
76 90 96
76 96 55
76 61 66
76 9 23
76 32 55
76 16 61
76 33 74
76 31 96
76 99 13
76 65 65
76 70 49
76 72 50
76 47 96
76 82 80
76 93 32
76 74 46
76 24 42
76 29 98
76 30 33
76 57 63
76 5 96
76 63 48
76 4 12
76 12 65
76 75 27
76 69 48
76 89 75
76 91 92
76 79 14
76 38 67
76 8 89
76 7 26
76 78 20
76 66 16
76 95 8
76 55 45
76 71 70
76 84 8
76 48 51
77 50 53
77 13 85
77 74 52
77 45 60
77 5 44
77 72 20
77 93 97
77 11 65
77 98 7
77 91 18
77 90 59
77 31 71
77 63 46
77 29 85
77 59 77
77 39 95
77 64 51
77 14 77
77 75 54
77 21 29
77 26 21
77 51 82
77 80 31
77 7 91
77 96 73
77 66 97
77 23 21
77 17 62
77 57 62
77 38 71
77 16 83
77 53 3
77 25 16
77 3 12
77 46 62
77 1 37
77 33 2
77 0 37
77 2 84
77 36 89
77 69 59
77 71 44
77 78 49
77 55 62
77 18 86
77 42 1
77 19 44
77 54 84
77 76 12
77 49 57
77 73 91
77 24 85
77 34 69
77 86 54
77 82 52
77 47 64
77 79 67
77 43 74
77 60 95
77 65 20
77 48 85
77 83 19
77 99 72
77 70 84
77 52 92
77 61 40
77 15 71
77 44 90
77 40 65
77 56 53
77 94 42
77 58 77
77 67 56
77 4 33
77 41 50
77 85 75
77 37 50
77 62 37
77 97 86
77 35 64
77 9 6
77 89 50
77 32 60
77 27 6
77 12 82
77 22 100
77 8 41
77 28 44
77 68 10
77 20 15
77 95 45
77 92 91
77 84 67
77 88 44
77 10 64
77 30 100
77 6 89
77 87 34
77 81 73
78 65 10
78 33 22
78 82 35
78 61 38
78 39 69
78 84 77
78 17 87
78 95 59
78 70 75
78 85 68
78 7 6
78 86 78
78 0 76
78 28 16
78 24 91
78 43 42
78 16 16
78 89 1
78 14 25
78 88 70
78 94 46
78 68 65
78 81 91
78 74 15
78 91 53
78 9 28
78 25 65
78 59 38
78 49 42
78 53 59
78 73 58
78 21 35
78 62 34
78 31 66
78 92 84
78 77 49
78 97 57
78 72 71
78 30 8
78 46 73
78 37 25
78 1 85
78 98 44
78 40 94
78 83 30
78 35 86
78 45 29
78 48 12
78 27 41
78 34 73
78 71 30
78 32 71
78 56 18
78 5 59
78 57 17
78 93 60
78 3 55
78 18 44
78 41 27
78 80 45
78 36 72
78 6 4
78 63 52
78 44 100
78 47 3
78 58 3
78 87 11
78 79 74
78 19 93
78 96 34
78 29 27
78 8 6
78 51 47
78 12 40
78 50 13
78 52 34
78 20 93
78 99 39
78 23 88
78 11 20
78 42 28
78 26 9
78 22 66
78 90 84
78 64 88
78 10 24
78 75 50
78 69 62
78 13 50
78 54 75
78 55 14
78 2 86
78 15 92
78 38 76
78 66 51
78 67 38
78 76 20
78 60 28
78 4 83
79 24 42
79 97 52
79 50 8
79 68 81
79 80 86
79 72 82
79 58 5
79 60 1
79 66 29
79 42 94
79 99 85
79 87 15
79 44 67
79 56 50
79 55 7
79 70 32
79 81 78
79 21 71
79 51 45
79 67 11
79 9 28
79 16 28
79 69 26
79 28 34
79 20 29
79 8 41
79 54 72
79 37 22
79 33 64
79 74 69
79 4 50
79 29 37
79 30 64
79 88 88
79 62 72
79 43 97
79 38 65
79 98 38
79 0 70
79 13 31
79 86 76
79 89 93
79 59 22
79 40 31
79 10 53
79 12 62
79 65 69
79 27 40
79 46 78
79 14 83
79 85 77
79 84 97
79 32 79
79 48 92
79 23 67
79 7 90
79 77 67
79 31 39
79 36 62
79 57 61
79 95 3
79 5 67
79 34 51
79 45 36
79 1 61
79 78 74
79 19 23
79 25 74
79 73 75
79 6 32
79 52 63
79 2 24
79 64 15
79 83 5
79 93 50
79 61 27
79 41 19
79 71 83
79 39 36
79 92 66
79 90 62
79 15 16
79 11 54
79 94 70
79 49 31
79 53 81
79 75 31
79 3 57
79 63 16
79 76 14
79 91 100
79 82 74
79 18 75
79 35 94
79 47 30
79 26 61
79 17 82
79 22 76
79 96 95
80 51 57
80 90 91
80 98 63
80 43 17
80 11 75
80 79 86
80 92 14
80 64 85
80 81 25
80 23 57
80 60 26
80 40 98
80 41 9
80 7 42
80 47 67
80 25 2
80 73 16
80 93 5
80 74 62
80 86 38
80 82 62
80 12 56
80 16 3
80 37 55
80 54 83
80 77 31
80 1 76
80 84 83
80 24 7
80 67 70
80 96 58
80 63 78
80 50 28
80 66 79
80 97 86
80 20 71
80 94 37
80 62 65
80 26 40
80 89 53
80 65 56
80 99 38
80 4 20
80 13 96
80 36 22
80 76 48
80 38 87
80 57 88
80 53 24
80 45 99
80 44 87
80 72 92
80 15 94
80 68 89
80 78 45
80 19 9
80 55 16
80 14 49
80 33 1
80 29 37
80 2 84
80 52 39
80 3 16
80 75 68
80 21 7
80 48 8
80 58 92
80 34 85
80 6 94
80 27 81
80 69 18
80 5 45
80 10 14
80 49 23
80 9 27
80 22 12
80 18 4
80 28 79
80 0 28
80 17 49
80 87 75
80 32 82
80 95 48
80 91 11
80 42 32
80 35 61
80 8 42
80 39 74
80 88 6
80 70 20
80 30 47
80 61 73
80 83 10
80 71 89
80 31 59
80 46 100
80 56 92
80 85 95
80 59 85
81 60 35
81 71 27
81 96 62
81 46 38
81 65 32
81 54 96
81 89 32
81 80 25
81 31 96
81 70 39
81 0 17
81 8 4
81 22 22
81 4 19
81 79 78
81 56 94
81 44 35
81 78 91
81 26 8
81 2 62
81 91 90
81 42 13
81 83 21
81 38 12
81 32 81
81 61 34
81 50 23
81 66 39
81 53 59
81 74 30
81 64 5
81 67 14
81 39 67
81 69 43
81 3 40
81 27 35
81 19 16
81 6 6
81 16 86
81 33 42
81 51 81
81 82 52
81 43 65
81 24 97
81 5 10
81 35 63
81 92 10
81 10 64
81 12 97
81 58 95
81 57 52
81 87 14
81 97 93
81 59 19
81 88 35
81 49 50
81 76 53
81 55 29
81 40 72
81 29 12
81 23 53
81 36 11
81 20 9
81 34 54
81 30 99
81 25 88
81 73 42
81 48 96
81 98 58
81 72 27
81 9 35
81 28 77
81 93 5
81 18 28
81 68 30
81 13 78
81 21 25
81 75 22
81 15 60
81 85 11
81 1 84
81 52 16
81 14 54
81 86 72
81 84 37
81 99 14
81 94 54
81 90 85
81 45 84
81 63 48
81 47 78
81 17 13
81 11 86
81 41 86
81 62 26
81 37 3
81 7 59
81 77 73
81 95 31
82 88 75
82 78 35
82 98 32
82 25 40
82 23 47
82 8 21
82 21 54
82 50 100
82 95 56
82 63 43
82 10 79
82 11 16
82 61 17
82 66 67
82 59 25
82 80 62
82 83 51
82 70 42
82 47 55
82 67 1
82 96 41
82 74 13
82 37 21
82 51 78
82 1 48
82 60 46
82 94 74
82 64 44
82 19 61
82 46 42
82 87 100
82 31 21
82 29 52
82 43 39
82 35 58
82 14 21
82 86 18
82 97 30
82 81 52
82 36 66
82 3 51
82 42 1
82 48 67
82 93 26
82 38 12
82 89 93
82 52 65
82 99 68
82 85 51
82 40 90
82 28 72
82 54 99
82 9 72
82 34 82
82 77 52
82 0 52
82 56 16
82 84 97
82 90 37
82 30 70
82 24 22
82 17 28
82 71 43
82 65 96
82 69 33
82 12 36
82 55 91
82 15 73
82 13 95
82 26 5
82 2 40
82 16 71
82 62 18
82 68 4
82 27 16
82 20 31
82 76 80
82 58 21
82 32 39
82 73 3
82 7 68
82 4 19
82 53 74
82 18 35
82 39 48
82 22 87
82 45 19
82 57 14
82 72 26
82 75 62
82 44 23
82 49 89
82 41 84
82 79 74
82 5 64
82 6 76
82 33 89
82 92 36
82 91 88
83 2 44
83 55 65
83 67 31
83 40 75
83 34 12
83 29 16
83 8 62
83 38 18
83 92 15
83 35 23
83 9 13
83 99 40
83 95 57
83 15 5
83 57 68
83 25 31
83 44 98
83 22 7
83 32 31
83 94 1
83 59 88
83 3 59
83 56 57
83 50 51
83 23 36
83 20 25
83 5 92
83 28 9
83 49 7
83 36 4
83 6 46
83 97 71
83 82 51
83 4 97
83 88 33
83 86 65
83 42 46
83 61 17
83 85 72
83 81 21
83 18 1
83 11 65
83 64 51
83 37 62
83 46 60
83 41 44
83 24 76
83 58 82
83 60 65
83 91 49
83 90 75
83 45 59
83 7 63
83 62 58
83 87 31
83 93 47
83 78 30
83 43 89
83 76 73
83 71 11
83 31 43
83 75 67
83 10 20
83 21 54
83 65 35
83 52 26
83 51 91
83 27 66
83 17 69
83 77 19
83 13 61
83 70 77
83 47 43
83 69 38
83 53 22
83 12 5
83 16 90
83 54 86
83 1 13
83 79 5
83 39 56
83 19 64
83 73 47
83 48 9
83 98 24
83 63 4
83 96 89
83 74 48
83 26 20
83 72 66
83 14 97
83 89 18
83 33 100
83 84 95
83 80 10
83 30 43
83 66 70
83 0 60
83 68 7
84 13 77
84 25 68
84 60 37
84 31 90
84 74 69
84 78 77
84 70 4
84 4 28
84 66 39
84 36 72
84 22 28
84 54 73
84 44 51
84 91 69
84 24 64
84 35 36
84 23 3
84 58 45
84 34 72
84 71 12
84 11 92
84 42 63
84 47 94
84 3 14
84 17 15
84 40 9
84 55 88
84 49 79
84 53 19
84 39 73
84 45 84
84 88 23
84 6 86
84 80 83
84 38 19
84 16 23
84 67 54
84 75 54
84 57 2
84 50 35
84 10 43
84 19 83
84 56 38
84 90 80
84 20 66
84 43 78
84 93 84
84 30 67
84 0 85
84 65 29
84 37 32
84 15 70
84 51 65
84 96 5
84 1 85
84 79 97
84 18 64
84 46 39
84 73 92
84 82 97
84 8 19
84 29 35
84 61 71
84 62 98
84 26 30
84 5 91
84 14 49
84 89 72
84 27 83
84 97 43
84 64 53
84 28 25
84 33 7
84 59 4
84 68 95
84 99 35
84 41 69
84 2 27
84 63 52
84 7 22
84 94 73
84 85 80
84 32 27
84 72 29
84 48 86
84 12 30
84 95 81
84 9 58
84 81 37
84 52 86
84 83 95
84 98 39
84 77 67
84 86 1
84 69 35
84 87 86
84 92 11
84 21 94
84 76 8
85 59 90
85 76 58
85 31 39
85 5 10
85 7 65
85 45 19
85 78 68
85 11 11
85 50 97
85 58 28
85 60 4
85 13 45
85 17 31
85 87 79
85 65 2
85 3 20
85 28 23
85 69 67
85 26 94
85 62 32
85 92 91
85 66 20
85 53 3
85 40 86
85 48 16
85 22 62
85 10 69
85 38 13
85 1 39
85 61 95
85 64 29
85 25 16
85 83 72
85 89 54
85 8 69
85 90 5
85 36 53
85 95 20
85 94 81
85 19 7
85 18 24
85 93 40
85 88 23
85 97 6
85 99 35
85 4 90
85 41 14
85 14 77
85 23 20
85 96 5
85 33 22
85 12 18
85 71 21
85 98 14
85 43 91
85 79 77
85 6 77
85 44 91
85 82 51
85 86 6
85 16 80
85 9 4
85 74 99
85 73 77
85 24 52
85 27 71
85 20 53
85 32 40
85 54 83
85 52 75
85 72 39
85 35 80
85 15 40
85 51 81
85 70 8
85 91 40
85 77 75
85 37 61
85 34 91
85 68 46
85 56 13
85 2 39
85 46 95
85 57 43
85 84 80
85 42 6
85 0 44
85 30 39
85 81 11
85 29 65
85 49 57
85 21 15
85 47 70
85 67 42
85 63 30
85 39 23
85 55 10
85 75 94
85 80 95
86 53 24
86 97 71
86 49 16
86 40 59
86 17 3
86 89 43
86 78 78
86 46 8
86 61 39
86 67 9
86 36 10
86 8 36
86 32 22
86 19 20
86 4 34
86 80 38
86 99 47
86 29 47
86 83 65
86 42 3
86 43 90
86 33 63
86 9 89
86 66 45
86 90 6
86 54 18
86 71 49
86 63 24
86 70 6
86 31 95
86 62 65
86 98 67
86 45 17
86 15 36
86 79 76
86 59 32
86 76 33
86 88 22
86 82 18
86 26 32
86 28 76
86 6 72
86 20 91
86 23 15
86 96 76
86 38 48
86 24 47
86 41 82
86 85 6
86 77 54
86 22 93
86 87 81
86 11 48
86 37 36
86 1 74
86 44 27
86 5 44
86 73 84
86 48 10
86 7 22
86 64 17
86 25 76
86 12 6
86 60 5
86 13 33
86 91 38
86 34 37
86 68 60
86 94 96
86 56 33
86 16 84
86 75 87
86 51 27
86 14 65
86 47 39
86 65 2
86 27 100
86 3 80
86 93 9
86 10 88
86 50 14
86 2 56
86 21 11
86 95 37
86 18 4
86 52 8
86 58 96
86 81 72
86 92 60
86 30 41
86 74 69
86 72 70
86 84 1
86 69 42
86 35 39
86 57 32
86 55 95
86 0 98
86 39 93
87 30 86
87 3 82
87 89 2
87 60 41
87 14 22
87 57 56
87 97 83
87 42 98
87 20 9
87 74 75
87 79 15
87 45 66
87 91 61
87 85 79
87 56 40
87 62 25
87 23 97
87 70 56
87 16 100
87 8 5
87 34 100
87 5 61
87 41 60
87 33 9
87 48 40
87 71 31
87 67 50
87 25 56
87 88 76
87 27 58
87 82 100
87 40 87
87 37 88
87 46 55
87 22 65
87 54 1
87 83 31
87 9 33
87 96 44
87 81 14
87 76 36
87 75 74
87 53 27
87 47 38
87 50 48
87 73 27
87 86 81
87 93 18
87 90 1
87 19 37
87 1 97
87 43 25
87 59 53
87 7 99
87 39 51
87 66 62
87 78 11
87 55 51
87 11 74
87 94 22
87 10 86
87 49 64
87 4 55
87 99 46
87 68 43
87 32 12
87 52 95
87 31 57
87 36 23
87 12 70
87 28 88
87 26 89
87 44 58
87 95 78
87 72 68
87 61 53
87 80 75
87 2 87
87 69 33
87 63 2
87 13 82
87 24 73
87 29 28
87 6 95
87 51 42
87 92 29
87 98 22
87 64 23
87 65 29
87 77 34
87 58 9
87 38 38
87 18 44
87 84 86
87 21 93
87 17 46
87 0 31
87 15 26
87 35 75
88 58 85
88 82 75
88 34 69
88 4 24
88 59 83
88 75 16
88 42 67
88 70 3
88 56 43
88 15 85
88 21 24
88 53 93
88 44 11
88 71 21
88 39 73
88 1 81
88 67 28
88 78 70
88 93 37
88 16 4
88 26 50
88 13 88
88 5 16
88 83 33
88 84 23
88 97 61
88 32 47
88 62 81
88 33 43
88 76 6
88 37 37
88 63 83
88 29 35
88 79 88
88 87 76
88 92 46
88 27 72
88 85 23
88 8 67
88 14 47
88 99 17
88 86 22
88 19 43
88 22 37
88 28 26
88 46 37
88 66 45
88 95 49
88 74 43
88 12 89
88 31 39
88 25 50
88 81 35
88 18 8
88 68 12
88 50 50
88 73 94
88 90 81
88 11 15
88 51 11
88 72 44
88 6 54
88 0 3
88 23 76
88 30 59
88 9 65
88 41 4
88 65 21
88 69 3
88 17 34
88 64 76
88 98 8
88 57 25
88 36 36
88 89 5
88 96 22
88 40 17
88 55 49
88 91 99
88 54 57
88 3 31
88 61 95
88 43 72
88 48 51
88 10 64
88 24 67
88 2 39
88 80 6
88 94 52
88 77 44
88 7 49
88 35 70
88 49 72
88 45 68
88 20 86
88 52 100
88 38 31
88 60 28
88 47 73
89 10 52
89 87 2
89 26 57
89 29 15
89 73 75
89 62 32
89 28 60
89 86 43
89 93 67
89 92 85
89 54 22
89 81 32
89 63 55
89 17 65
89 45 24
89 36 15
89 57 49
89 13 35
89 97 83
89 78 1
89 99 80
89 11 88
89 66 51
89 52 97
89 35 19
89 7 35
89 46 93
89 68 52
89 64 24
89 49 96
89 0 85
89 9 15
89 85 54
89 24 59
89 16 97
89 60 53
89 58 1
89 40 92
89 19 29
89 79 93
89 37 53
89 33 45
89 80 53
89 43 43
89 5 70
89 27 18
89 90 38
89 98 40
89 1 64
89 82 93
89 42 10
89 34 49
89 94 44
89 71 88
89 15 66
89 30 10
89 70 87
89 38 32
89 25 26
89 41 26
89 74 6
89 2 82
89 65 98
89 55 88
89 22 99
89 44 51
89 84 72
89 69 73
89 4 29
89 21 18
89 72 35
89 6 83
89 61 90
89 56 93
89 39 21
89 67 39
89 51 40
89 95 4
89 59 71
89 88 5
89 3 10
89 8 91
89 50 24
89 91 54
89 53 80
89 77 50
89 75 84
89 83 18
89 76 75
89 32 85
89 47 63
89 23 4
89 14 54
89 48 45
89 96 11
89 18 1
89 12 73
89 31 72
89 20 7
90 3 3
90 97 30
90 80 91
90 56 92
90 38 21
90 98 66
90 92 10
90 45 84
90 47 43
90 1 34
90 17 10
90 53 91
90 0 70
90 77 59
90 10 12
90 94 3
90 67 9
90 21 4
90 62 69
90 20 3
90 95 3
90 69 44
90 7 69
90 33 35
90 74 57
90 75 100
90 54 60
90 18 100
90 66 76
90 86 6
90 19 58
90 85 5
90 26 63
90 31 99
90 42 73
90 5 57
90 39 57
90 55 19
90 83 75
90 61 43
90 68 6
90 84 80
90 14 6
90 4 67
90 89 38
90 34 35
90 49 86
90 50 12
90 52 56
90 93 61
90 99 30
90 6 56
90 28 77
90 29 73
90 22 69
90 88 81
90 23 64
90 87 1
90 12 90
90 37 96
90 82 37
90 2 10
90 76 96
90 16 64
90 41 48
90 91 22
90 15 96
90 96 47
90 46 41
90 58 88
90 36 51
90 57 20
90 79 62
90 11 3
90 73 83
90 59 36
90 35 32
90 30 61
90 8 100
90 65 88
90 51 6
90 70 42
90 71 17
90 25 7
90 13 23
90 78 84
90 24 59
90 64 98
90 27 17
90 44 28
90 40 15
90 9 97
90 81 85
90 48 78
90 63 4
90 32 21
90 60 25
90 72 26
90 43 39
91 21 76
91 10 38
91 96 97
91 3 32
91 26 96
91 58 40
91 1 15
91 15 86
91 14 33
91 47 93
91 95 65
91 31 88
91 87 61
91 84 69
91 18 62
91 77 18
91 23 31
91 99 79
91 66 78
91 8 54
91 61 72
91 55 47
91 24 16
91 98 34
91 81 90
91 25 83
91 52 11
91 72 50
91 70 36
91 78 53
91 27 36
91 51 71
91 49 11
91 9 30
91 33 39
91 41 39
91 32 30
91 34 44
91 16 57
91 4 5
91 43 3
91 57 16
91 74 69
91 94 9
91 71 49
91 83 49
91 65 20
91 17 13
91 22 92
91 93 45
91 60 47
91 36 78
91 40 80
91 12 98
91 38 28
91 42 48
91 35 97
91 56 78
91 5 41
91 54 11
91 37 24
91 44 32
91 68 62
91 90 22
91 73 89
91 59 92
91 86 38
91 53 68
91 6 5
91 75 93
91 46 52
91 7 44
91 85 40
91 92 68
91 20 88
91 88 99
91 50 93
91 97 70
91 39 30
91 11 98
91 30 60
91 63 36
91 19 91
91 89 54
91 67 74
91 28 83
91 80 11
91 2 45
91 45 4
91 13 24
91 76 92
91 62 3
91 79 100
91 29 18
91 64 27
91 69 46
91 48 55
91 82 88
91 0 72
92 45 28
92 97 39
92 80 14
92 89 85
92 96 27
92 83 15
92 13 72
92 90 10
92 21 36
92 22 85
92 8 54
92 44 62
92 7 84
92 85 91
92 26 39
92 42 60
92 14 89
92 61 100
92 65 58
92 49 14
92 32 89
92 59 41
92 47 33
92 75 25
92 24 53
92 17 1
92 25 35
92 70 87
92 4 87
92 76 76
92 2 67
92 1 74
92 88 46
92 20 77
92 67 94
92 62 67
92 41 71
92 5 20
92 51 38
92 99 43
92 9 23
92 78 84
92 55 82
92 40 72
92 15 12
92 36 30
92 53 71
92 57 78
92 33 97
92 93 86
92 71 6
92 81 10
92 11 79
92 69 73
92 10 99
92 66 45
92 23 92
92 64 42
92 54 19
92 31 16
92 56 44
92 95 16
92 29 71
92 63 43
92 28 80
92 38 98
92 68 42
92 60 32
92 39 11
92 35 71
92 98 1
92 27 10
92 19 54
92 79 66
92 91 68
92 16 75
92 46 3
92 0 49
92 50 45
92 34 57
92 72 88
92 18 49
92 58 45
92 3 59
92 86 60
92 6 1
92 74 100
92 94 76
92 77 91
92 48 16
92 30 19
92 87 29
92 37 20
92 12 49
92 43 87
92 52 52
92 84 11
92 73 72
92 82 36
93 54 39
93 71 43
93 31 75
93 89 67
93 63 25
93 42 41
93 77 97
93 47 56
93 17 27
93 21 1
93 19 61
93 75 38
93 3 2
93 22 68
93 38 9
93 80 5
93 88 37
93 94 2
93 14 94
93 51 79
93 69 76
93 67 16
93 7 91
93 99 78
93 36 77
93 11 43
93 28 96
93 73 25
93 55 33
93 2 75
93 40 24
93 20 8
93 85 40
93 97 76
93 9 23
93 49 4
93 24 41
93 56 70
93 48 65
93 66 4
93 29 3
93 23 99
93 91 45
93 5 92
93 8 40
93 65 86
93 6 96
93 84 84
93 62 21
93 82 26
93 92 86
93 10 72
93 83 47
93 90 61
93 68 28
93 58 23
93 35 87
93 34 79
93 33 45
93 43 26
93 60 62
93 4 41
93 87 18
93 18 91
93 78 60
93 13 8
93 53 58
93 70 49
93 30 97
93 52 47
93 46 90
93 26 50
93 37 32
93 59 61
93 44 63
93 79 50
93 16 56
93 76 32
93 81 5
93 15 55
93 1 25
93 64 32
93 95 9
93 86 9
93 27 73
93 25 83
93 45 49
93 39 67
93 72 48
93 50 94
93 41 43
93 96 64
93 32 69
93 98 15
93 74 21
93 0 50
93 57 20
93 12 39
93 61 18
94 17 78
94 50 70
94 36 65
94 34 97
94 32 36
94 1 40
94 12 4
94 4 70
94 97 21
94 67 65
94 22 37
94 90 3
94 83 1
94 35 100
94 45 52
94 20 24
94 46 79
94 78 46
94 75 28
94 98 49
94 56 19
94 93 2
94 96 22
94 6 45
94 39 80
94 62 93
94 66 16
94 43 74
94 23 54
94 82 74
94 18 87
94 99 83
94 85 81
94 80 37
94 49 60
94 68 68
94 53 45
94 91 9
94 42 9
94 69 100
94 40 9
94 2 80
94 15 57
94 16 26
94 76 26
94 14 100
94 89 44
94 5 12
94 37 14
94 70 24
94 95 91
94 9 11
94 63 52
94 26 13
94 3 1
94 54 70
94 21 82
94 73 15
94 52 29
94 25 64
94 55 31
94 47 75
94 44 20
94 77 42
94 87 22
94 24 87
94 86 96
94 64 84
94 8 98
94 10 70
94 11 73
94 30 74
94 58 46
94 29 55
94 13 86
94 57 4
94 48 73
94 84 73
94 51 86
94 79 70
94 72 19
94 60 7
94 31 2
94 71 11
94 81 54
94 65 82
94 92 76
94 88 52
94 61 17
94 28 43
94 41 91
94 33 65
94 19 96
94 74 46
94 38 6
94 27 68
94 0 78
94 7 2
94 59 78
95 51 58
95 0 79
95 60 89
95 11 61
95 78 59
95 39 73
95 91 65
95 1 32
95 44 60
95 66 44
95 83 57
95 48 30
95 61 60
95 82 56
95 90 3
95 59 18
95 68 66
95 35 99
95 30 87
95 27 79
95 5 85
95 26 20
95 49 65
95 36 85
95 19 90
95 85 20
95 15 82
95 29 63
95 16 22
95 8 53
95 17 15
95 52 2
95 88 49
95 33 12
95 41 1
95 14 90
95 37 23
95 45 29
95 13 44
95 28 53
95 55 87
95 73 74
95 67 82
95 94 91
95 72 55
95 64 95
95 63 68
95 92 16
95 42 46
95 21 55
95 62 29
95 38 80
95 65 73
95 79 3
95 70 35
95 4 12
95 58 7
95 50 21
95 31 76
95 96 46
95 47 4
95 71 12
95 97 36
95 74 19
95 20 8
95 12 49
95 7 30
95 9 20
95 89 4
95 99 66
95 24 60
95 25 36
95 23 61
95 87 78
95 18 38
95 3 75
95 43 55
95 93 9
95 98 17
95 86 37
95 57 22
95 84 81
95 80 48
95 10 8
95 40 3
95 75 43
95 56 63
95 6 91
95 77 45
95 32 3
95 2 69
95 22 34
95 53 16
95 76 8
95 54 89
95 34 48
95 46 91
95 69 99
95 81 31
96 57 18
96 91 97
96 6 81
96 54 77
96 81 62
96 63 65
96 12 23
96 92 27
96 53 61
96 65 79
96 26 56
96 33 73
96 35 51
96 17 50
96 11 59
96 66 88
96 38 26
96 5 97
96 18 94
96 43 52
96 40 96
96 3 80
96 69 20
96 49 51
96 94 22
96 72 63
96 21 28
96 1 64
96 82 41
96 39 1
96 48 79
96 52 76
96 77 73
96 80 58
96 62 12
96 61 24
96 19 33
96 31 17
96 41 85
96 8 76
96 85 5
96 16 21
96 59 95
96 45 7
96 34 59
96 75 28
96 68 63
96 22 81
96 97 87
96 86 76
96 46 92
96 44 5
96 64 55
96 84 5
96 87 44
96 27 52
96 73 68
96 29 10
96 55 42
96 0 73
96 58 89
96 13 5
96 15 47
96 10 51
96 25 10
96 99 93
96 98 95
96 36 90
96 23 23
96 47 92
96 76 55
96 7 98
96 42 60
96 60 81
96 95 46
96 78 34
96 90 47
96 50 42
96 71 35
96 51 3
96 88 22
96 70 76
96 20 27
96 4 12
96 83 89
96 24 55
96 2 19
96 9 64
96 67 62
96 56 55
96 37 50
96 14 65
96 74 24
96 32 50
96 93 64
96 28 85
96 30 79
96 89 11
96 79 95
97 79 52
97 86 71
97 90 30
97 54 69
97 92 39
97 13 51
97 44 92
97 74 55
97 71 10
97 2 90
97 15 83
97 47 24
97 87 83
97 6 1
97 14 62
97 94 21
97 89 83
97 76 50
97 4 8
97 43 84
97 57 15
97 25 68
97 61 83
97 58 32
97 11 56
97 35 20
97 0 23
97 83 71
97 38 34
97 88 61
97 7 59
97 34 52
97 49 49
97 56 2
97 36 94
97 3 20
97 24 11
97 99 70
97 55 28
97 80 86
97 51 29
97 8 93
97 5 95
97 93 76
97 1 42
97 85 6
97 32 56
97 20 44
97 75 58
97 69 29
97 68 93
97 78 57
97 82 30
97 21 74
97 96 87
97 48 15
97 73 4
97 81 93
97 66 90
97 17 6
97 37 36
97 42 12
97 46 86
97 12 84
97 10 25
97 40 50
97 84 43
97 95 36
97 30 95
97 23 4
97 18 16
97 22 6
97 28 54
97 62 2
97 72 15
97 65 76
97 70 90
97 59 69
97 19 22
97 53 98
97 91 70
97 45 59
97 60 47
97 64 90
97 77 86
97 67 90
97 16 67
97 41 19
97 33 19
97 29 43
97 27 45
97 52 97
97 26 70
97 98 53
97 50 49
97 63 87
97 31 28
97 39 48
97 9 35
98 50 78
98 48 24
98 42 12
98 29 60
98 28 45
98 82 32
98 80 63
98 51 47
98 30 18
98 4 54
98 71 84
98 0 66
98 68 35
98 90 66
98 70 32
98 77 7
98 3 26
98 11 65
98 74 88
98 26 38
98 72 20
98 1 32
98 99 13
98 43 47
98 60 64
98 39 92
98 94 49
98 7 1
98 91 34
98 20 55
98 19 80
98 67 84
98 8 96
98 2 55
98 41 87
98 58 4
98 10 77
98 44 75
98 33 35
98 14 36
98 55 91
98 79 38
98 86 67
98 40 37
98 34 12
98 63 28
98 24 14
98 23 13
98 17 5
98 13 67
98 66 71
98 78 44
98 12 89
98 54 27
98 49 51
98 5 82
98 89 40
98 21 17
98 85 14
98 76 67
98 6 17
98 35 70
98 65 15
98 52 36
98 25 100
98 96 95
98 38 9
98 31 82
98 27 8
98 69 46
98 16 32
98 56 91
98 59 78
98 61 61
98 18 77
98 92 1
98 57 3
98 81 58
98 22 50
98 88 8
98 75 82
98 53 96
98 9 41
98 15 29
98 83 24
98 32 32
98 62 60
98 95 17
98 45 47
98 36 62
98 37 59
98 64 12
98 84 39
98 73 76
98 46 51
98 87 22
98 97 53
98 93 15
98 47 68
99 18 86
99 4 80
99 25 21
99 63 74
99 54 54
99 28 50
99 83 40
99 79 85
99 41 80
99 56 61
99 98 13
99 26 33
99 71 53
99 91 79
99 89 80
99 23 40
99 1 92
99 33 59
99 5 92
99 86 47
99 75 63
99 12 51
99 64 93
99 20 47
99 6 44
99 62 3
99 57 48
99 40 5
99 93 78
99 35 76
99 32 96
99 21 81
99 46 57
99 97 70
99 24 2
99 94 83
99 22 88
99 2 43
99 65 38
99 70 87
99 3 3
99 10 20
99 61 33
99 17 81
99 85 35
99 92 43
99 88 17
99 80 38
99 39 10
99 53 46
99 45 44
99 0 43
99 7 5
99 44 73
99 82 68
99 67 7
99 90 30
99 72 64
99 47 76
99 36 25
99 29 82
99 68 71
99 48 22
99 51 35
99 13 98
99 96 93
99 66 99
99 77 72
99 42 4
99 38 50
99 58 85
99 9 40
99 74 32
99 15 28
99 37 96
99 87 46
99 16 54
99 76 13
99 30 13
99 50 40
99 14 87
99 84 35
99 8 84
99 95 66
99 43 32
99 69 9
99 73 39
99 78 39
99 27 47
99 59 91
99 49 6
99 19 15
99 60 28
99 52 41
99 31 43
99 81 14
99 55 61
99 11 60
99 34 7
