0,2329
1,684
2,4509
3,947
4,3621
5,3530
6,2629
7,3518
8,2423
9,3974
10,3978
11,4589
12,4246
13,625
14,3441
15,364
16,2140
17,162
18,1651
19,762
20,1438
21,2372
22,1272
23,388
24,177
25,1781
26,1267
27,3772
28,3504
29,2387
30,521
31,2026
32,430
33,4392
34,109
35,4775
36,2131
37,130
38,4213
39,360
40,2676
41,3362
42,2637
43,1431
44,3989
45,2301
46,3396
47,3437
48,1275
49,4598
50,1944
51,1248
52,2787
53,1682
54,2799
55,686
56,2186
57,1540
58,2322
59,1095
60,3133
61,1097
62,3576
63,4352
64,1011
65,3265
66,225
67,4665
68,4734
69,4226
70,4194
71,3431
72,2222
73,3595
74,2668
75,1882
76,1500
77,1256
78,2257
79,492
80,685
81,4520
82,2706
83,1967
84,3722
85,4716
86,810
87,101
88,504
89,2187
90,2789
91,4167
92,472
93,222
94,3868
95,3426
96,4520
97,4939
98,2487
99,4047
100,3769
102,4707
103,459
104,2093
105,1278
106,1830
107,2747
108,423
110,3905
111,3187
112,2382
113,2987
114,2896
115,3525
116,2588
117,3318
118,2064
119,1180
120,2045
121,1200
122,1523
123,3463
124,1076
125,4182
126,3647
127,4836
128,2713
129,3999
131,4064
132,4516
133,1689
134,4161
135,1386
136,4451
137,179
138,2866
139,3107
140,635
141,175
142,1276
143,1106
144,594
145,4251
146,2205
147,3424
148,565
149,973
150,1492
151,2467
152,4434
153,2758
154,2243
155,3916
156,1749
157,2362
158,2002
159,1811
160,1182
161,565
162,561
163,869
164,1383
165,1731
166,2840
167,805
168,3768
169,2001
170,3241
171,3026
172,575
173,331
174,1975
176,611
178,378
180,4563
181,1721
182,2942
183,3905
184,772
185,1083
186,3000
187,970
188,4786
189,3850
190,2990
191,4249
192,2040
193,1566
194,4300
195,1688
196,3788
197,3780
198,1196
199,2783
200,2918
201,4521
202,4403
203,575
204,1101
205,3695
206,4640
207,1234
208,4839
209,2032
210,3654
211,3307
212,3934
213,321
214,3423
215,1927
216,2629
217,1850
218,3252
219,4280
220,4583
221,1123
223,600
224,2965
226,575
227,1054
228,488
229,3656
230,2623
231,2474
232,2348
233,4404
234,2840
235,1718
236,3489
237,1604
238,3861
239,2849
240,4926
241,4616
242,2864
243,1012
244,4515
245,4908
246,1027
247,2106
248,4493
249,2997
250,469
251,4331
252,888
253,377
254,4474
255,4551
256,2905
257,1566
258,2920
259,736
260,1023
261,1328
262,3258
263,3662
264,153
265,1076
266,3842
267,3390
268,3081
269,3372
270,3207
271,4038
272,4853
273,107
274,1266
275,2950
276,4667
277,1236
278,3296
279,574
280,3520
281,3411
282,424
283,702
284,1121
285,4921
286,3128
287,982
288,4441
289,4539
290,4993
291,903
292,969
293,3723
294,3943
295,2116
296,1822
297,3324
298,1034
299,333
300,3888
301,2510
302,3147
303,4079
304,3956
305,1293
306,4761
307,955
308,720
309,3328
310,1659
311,2784
312,2699
313,3512
314,738
315,3170
316,612
317,4118
318,3126
319,3992
320,4015
321,2160
322,1222
323,1479
324,1878
325,833
326,4514
327,4476
328,2241
329,3814
330,3347
331,2794
332,1538
333,435
334,430
335,2898
336,3143
337,2984
338,1066
339,1850
340,2590
341,3240
342,1406
343,4915
344,2656
345,2670
346,3390
347,4310
348,2555
349,2958
350,3135
351,812
352,2263
353,1799
354,464
355,4254
356,3771
357,4086
358,3520
359,1658
361,612
362,1038
363,1277
365,4845
366,52
367,1134
368,1421
369,1481
370,134
371,4306
372,1564
373,2418
374,1000
375,3583
376,3116
377,4711
379,3638
380,2625
381,1165
382,3774
383,4573
384,3320
385,1350
386,1591
387,2440
388,4846
389,2580
390,106
391,256
392,3076
393,1280
394,2221
395,2493
396,3912
397,4749
398,1119
399,3769
400,4743
401,4609
402,4250
403,4141
404,641
405,3452
406,1601
407,4868
408,449
409,4733
410,2705
411,1438
412,756
413,4788
414,4772
415,975
416,4120
417,1166
418,2366
419,3894
420,1742
421,1824
422,1418
425,3647
426,330
427,1696
428,4153
429,2836
431,1397
432,3681
433,3350
434,941
435,567
436,4468
437,851
438,544
439,1409
440,1520
441,2430
442,1333
443,4782
444,4015
445,672
446,2678
447,1552
448,2300
450,1273
451,1673
452,4728
453,1687
454,2113
455,4186
456,1229
457,3601
458,1864
459,3348
460,4741
461,1394
462,1009
463,2310
464,4203
465,2288
466,2628
467,1426
468,906
470,3375
471,1843
473,1552
474,1906
475,4630
476,2126
477,3362
478,4097
479,3175
480,2582
481,1338
482,4733
483,1690
484,1969
485,3552
486,3890
487,3744
488,3305
489,1652
490,1976
491,3728
492,2305
493,2059
494,1558
495,1274
496,3223
497,1189
498,908
499,3952
500,3376
501,425
502,4078
503,2785
504,2573
505,1529
506,2361
507,3647
508,4750
509,3965
510,2239
511,2058
512,1773
513,1704
514,4256
515,36
516,2001
517,584
518,3875
519,2558
520,3391
521,1502
522,2964
523,3789
524,1345
525,2065
526,107
527,4089
528,4448
529,1753
530,2776
531,2611
532,2611
533,1160
534,4095
535,3921
536,1364
537,3185
538,983
539,1544
540,4626
541,4976
542,2024
543,2818
545,2923
546,2285
547,840
548,3552
549,4162
550,4106
551,579
552,3498
553,2269
554,4545
555,2043
556,1905
557,2319
558,2816
559,4093
560,2704
562,1810
563,3373
564,947
565,1686
566,4198
568,3041
569,411
570,4769
571,2273
572,2479
573,3381
574,4808
576,2349
577,4080
578,4544
579,3515
580,3327
581,686
582,658
583,2866
585,4794
586,137
587,3045
588,502
589,600
590,4838
591,3425
592,1550
593,1914
595,1440
596,2463
597,2294
598,1663
599,1397
600,2116
601,4631
602,2330
603,2902
604,2174
605,2232
606,3875
607,4564
608,2362
609,1362
610,3296
611,4370
613,470
614,4368
615,4504
616,513
617,3841
618,4961
619,1829
620,375
621,934
622,2043
623,4213
624,4494
625,981
626,2167
627,2668
628,2934
629,2009
630,1786
631,2991
632,3167
633,2134
634,3909
636,4329
637,4373
638,3781
639,1754
640,226
641,4686
642,3240
643,4197
644,1092
645,964
646,2392
647,1136
648,4062
649,1446
650,4872
651,1033
652,3945
653,1556
654,2593
655,3843
656,1306
657,1271
659,2898
660,1525
661,2307
662,2367
663,3894
664,1378
665,4147
666,2906
667,1049
668,4195
669,2580
670,2596
671,2928
672,3032
673,3471
674,4320
675,4524
676,3546
677,2052
678,2873
679,1451
680,3204
681,4152
682,3722
683,1625
684,3689
687,2797
688,2945
689,3061
690,2169
691,3107
692,3563
693,2793
694,4492
695,1928
696,3750
697,3411
698,4687
699,2460
700,2186
701,4431
703,680
704,4151
705,1495
706,2429
707,4070
708,1608
709,4757
710,1021
711,4084
712,3524
713,3670
714,2032
715,4010
716,4544
717,2660
718,1592
719,2574
721,877
722,2656
723,2867
724,2840
725,2726
726,4256
727,3812
728,1489
729,4988
730,2686
731,1317
732,2083
733,3260
734,865
735,3266
736,2969
737,0
739,671
740,2648
741,351
742,3851
743,521
744,581
745,4024
746,4527
747,689
748,4793
749,2896
750,1629
751,3731
752,1581
753,1665
754,1832
755,857
756,1496
757,4950
758,4422
759,1864
760,3868
761,1424
763,4851
764,2304
765,2729
766,2622
767,2118
768,1621
769,3917
770,633
771,2613
773,1341
774,156
775,929
776,4610
777,778
778,1503
779,3633
780,1458
781,2551
782,2517
783,89
784,4922
785,4066
786,2495
787,4845
788,1092
789,3445
790,3851
791,2906
792,1330
793,2355
794,3925
795,2610
796,3238
797,1139
798,167
799,3537
800,1436
801,4962
802,4402
803,3565
804,506
805,4809
806,680
807,4879
808,2554
809,1895
811,2972
812,1908
813,2056
814,4584
815,3934
816,1020
817,852
818,387
819,2822
820,4392
821,4636
822,4009
823,3720
824,3451
825,4767
826,2874
827,78
828,3278
829,3061
830,3497
831,2226
832,2286
833,805
834,1749
835,3930
836,2292
837,2042
838,3470
839,887
840,969
841,3541
842,3064
843,1241
844,4164
845,2709
846,170
847,2633
848,1731
849,3503
850,1463
852,3025
853,4151
854,1216
855,4322
856,1188
858,4878
859,3363
860,4091
861,3528
862,1747
863,4301
864,3718
866,2542
867,3892
868,3751
869,4830
870,2145
871,2179
872,2145
873,1975
874,3967
875,1998
876,4801
877,1712
878,2315
879,4791
880,1675
881,4811
882,2502
883,1284
884,906
885,3935
886,3308
889,2207
890,1477
891,126
892,1605
893,4167
894,2108
895,4602
896,4307
897,2865
898,4250
899,1808
900,3873
901,3660
902,2550
903,3771
904,2979
905,2722
907,2584
909,3372
910,2384
911,3358
912,2489
913,2340
914,2649
915,2059
916,1031
917,1815
918,3457
919,3923
920,3049
921,2337
922,3052
923,1724
924,984
925,4841
926,4044
927,3871
928,2362
930,580
931,1308
932,4803
933,2185
934,1067
935,2448
936,1227
937,2082
938,120
939,1987
940,3473
942,4553
943,2628
944,3876
945,2366
946,210
947,3392
948,1906
949,1166
950,757
951,3586
952,44
953,3995
954,2380
956,1730
957,4538
958,1852
959,2871
960,2346
961,2857
962,2348
963,2557
964,4297
965,1342
966,4038
967,4941
968,3107
970,1352
971,1010
972,134
974,3915
975,3301
976,18
977,3630
978,1123
979,541
980,2765
982,3710
985,491
986,1367
987,3382
988,1565
989,1565
990,3501
991,1088
992,1436
993,3335
994,3658
995,952
996,3290
997,3835
998,4592
999,902
1001,58
1002,2446
1003,3906
1004,2164
1005,4619
1006,1030
1007,3976
1008,4437
1009,1843
1013,1433
1014,3518
1015,4062
1016,1279
1017,1973
1018,3404
1019,3324
1020,1902
1022,4667
1024,4833
1025,1326
1026,658
1027,3603
1028,2003
1029,3683
1030,4603
1031,4196
1032,4203
1033,4511
1035,2439
1036,1539
1037,768
1039,1559
1040,1266
1041,2943
1042,1331
1043,934
1044,4120
1045,4751
1046,3632
1047,3013
1048,4180
1050,1329
1051,3135
1052,4402
1053,746
1055,3007
1056,2320
1057,320
1058,541
1059,3265
1060,4585
1061,2977
1062,4532
1063,4529
1064,4828
1065,1173
1066,4308
1068,2340
1069,4243
1070,4903
1071,4552
1072,4777
1073,2483
1074,2335
1075,1120
1077,1311
1078,3924
1079,1122
1080,3340
1081,3279
1082,3703
1083,2749
1084,624
1085,2707
1086,1157
1087,1491
1088,2455
1089,2074
1090,3913
1091,4454
1093,1395
1094,91
1095,258
1096,3753
1098,3068
1099,4017
1100,3396
1101,2466
1102,1153
1103,3488
1104,4133
1105,123
1106,4156
1107,503
1108,3791
1109,1623
1110,1212
1111,4300
1112,2041
1113,2345
1114,2875
1115,3827
1116,2591
1117,4361
1118,4488
1121,4783
1122,2934
1124,3106
1125,2186
1126,3548
1127,2363
1128,2369
1129,328
1130,2089
1131,267
1132,2029
1133,4377
1134,4012
1135,4761
1137,3345
1138,352
1139,4760
1140,4776
1141,3093
1142,1851
1143,2886
1144,1553
1145,3515
1146,4271
1147,2943
1148,3894
1149,3734
1150,4215
1151,4372
1152,686
1154,2288
1155,4704
1156,2214
1158,1483
1159,1873
1160,2287
1161,1276
1162,2223
1163,2365
1164,1540
1165,3975
1167,4594
1168,4872
1169,3877
1170,2254
1171,3652
1172,362
1174,4634
1175,3048
1176,2962
1177,1066
1178,4806
1179,2885
1181,4455
1182,2057
1183,2713
1184,318
1185,4448
1186,1290
1187,4383
1188,2512
1190,2929
1191,1568
1192,2064
1193,4099
1194,1458
1195,4217
1197,961
1198,1213
1199,655
1200,1232
1201,3796
1202,4397
1203,3550
1204,3618
1205,2591
1206,4246
1207,2407
1208,4227
1209,3287
1210,4056
1211,3504
1212,3575
1214,2047
1215,3405
1216,3979
1217,4644
1218,4142
1219,3862
1220,1176
1221,4545
1222,1489
1223,2479
1224,4269
1225,175
1226,3982
1227,3903
1228,4521
1230,1311
1231,1374
1233,3940
1235,3560
1236,4745
1237,4220
1238,3322
1239,307
1240,4168
1241,574
1242,4796
1243,1535
1244,3149
1245,2611
1246,3939
1247,4499
1248,2929
1249,594
1250,1713
1251,3986
1252,2848
1253,2956
1254,2101
1255,2977
1256,2710
1257,3652
1258,2615
1259,391
1260,1553
1261,817
1262,1323
1263,3105
1264,3639
1265,2903
1267,4622
1268,2171
1269,2890
1270,3822
1271,4785
1272,2366
1274,2658
1275,1390
1277,970
1279,1594
1281,4113
1282,2668
1283,3547
1284,1331
1285,1102
1286,3576
1287,1597
1288,863
1289,3829
1290,1422
1291,3215
1292,4678
1293,3911
1294,4619
1295,4798
1296,162
1297,2443
1298,2115
1299,4280
1300,3509
1301,1851
1302,4953
1303,1367
1304,3492
1305,4736
1307,4058
1308,127
1309,428
1310,2436
1312,4099
1313,4188
1314,1525
1315,2784
1316,1690
1317,4498
1318,3432
1319,3864
1320,1810
1321,2264
1322,290
1324,4331
1325,997
1327,2893
1328,4221
1329,4587
1332,1837
1334,1674
1335,2431
1336,4226
1337,1013
1339,2685
1340,4539
1341,2224
1342,4042
1343,3125
1344,3993
1346,917
1347,2114
1348,3794
1349,3822
1350,4398
1351,2275
1352,1877
1353,4815
1354,1583
1355,2763
1356,1403
1357,910
1358,1133
1359,1378
1360,2225
1361,3511
1363,1129
1364,2495
1365,3264
1366,1582
1368,3596
1369,4389
1370,2373
1371,1635
1372,4964
1373,4916
1375,2807
1376,691
1377,2435
1379,1458
1380,127
1381,115
1382,3500
1384,2165
1385,4937
1386,3504
1387,4788
1388,3764
1389,1851
1391,243
1392,1263
1393,2912
1394,4465
1395,4573
1396,2326
1398,4553
1399,868
1400,1791
1401,4971
1402,2097
1404,1579
1405,2500
1407,3226
1408,2572
1410,4944
1411,2589
1412,3762
1413,2629
1414,4811
1415,1627
1416,886
1417,3651
1419,2666
1420,4077
1422,2363
1423,3189
1424,248
1425,1654
1427,1251
1428,1775
1429,2750
1430,646
1432,3994
1434,2484
1435,935
1437,834
1439,4257
1441,4712
1442,2119
1443,1704
1444,1421
1445,4032
1446,74
1447,3052
1448,1040
1449,964
1450,4457
1451,3780
1452,1245
1453,4404
1454,2972
1455,1496
1456,2448
1457,810
1458,3112
1459,2210
1460,3266
1461,3322
1462,1619
1463,2594
1464,2909
1465,1614
1466,2576
1467,3620
1468,3946
1469,3704
1470,3774
1471,4862
1472,4027
1473,3365
1474,2323
1475,3002
1476,375
1478,2837
1479,3973
1480,584
1481,1158
1482,1484
1484,1377
1485,4818
1486,1886
1487,4758
1488,4026
1490,4417
1492,3913
1493,2252
1494,3696
1495,4184
1497,3631
1498,2860
1499,1236
1501,3583
1504,2715
1505,3392
1506,4513
1507,963
1508,2431
1509,3848
1510,4551
1511,4199
1512,2732
1513,2769
1514,1632
1515,4150
1516,2038
1517,53
1518,1746
1519,3087
1520,4121
1521,3408
1522,3289
1524,2855
1526,1407
1527,1365
1528,4478
1530,2846
1531,1757
1532,3667
1533,4559
1534,618
1536,1006
1537,3424
1540,3348
1541,2395
1542,3245
1543,4813
1544,4066
1545,3009
1546,2239
1547,4556
1548,3208
1549,18
1551,2344
1552,3302
1554,3467
1555,2364
1557,3084
1560,2581
1561,4950
1562,3070
1563,3647
1564,1567
1568,2685
1569,410
1570,4709
1571,1832
1572,4085
1573,1700
1574,3020
1575,3108
1576,1405
1577,2061
1578,1703
1579,2187
1580,1668
1581,3304
1582,4002
1584,4188
1585,2351
1586,2679
1587,3807
1588,4213
1589,3160
1590,4903
1592,2324
1593,301
1595,4064
1596,1469
1597,3225
1598,1774
1599,3821
1600,2959
1602,4429
1603,4927
1605,2864
1606,2970
1607,2910
1609,2873
1610,3016
1611,4456
1612,140
1613,2316
1615,1668
1616,1712
1617,4593
1618,2911
1620,769
1622,3213
1624,3958
1626,283
1627,2355
1628,402
1630,2568
1631,4648
1633,4783
1634,4474
1635,600
1636,4353
1637,1861
1638,2890
1639,2856
1640,3379
1641,141
1642,3564
1643,2725
1644,1038
1645,3442
1646,3173
1647,64
1648,1086
1649,2392
1650,4882
1653,4809
1654,4412
1655,1853
1656,794
1657,3016
1659,4816
1660,90
1661,1668
1662,4674
1663,3452
1664,4748
1666,2690
1667,2789
1668,4814
1669,195
1670,4167
1671,3915
1672,2739
1675,3178
1676,4807
1677,4157
1678,1604
1679,0
1680,230
1681,231
1682,3053
1683,4420
1684,2630
1685,2202
1687,3780
1689,1133
1690,3840
1691,457
1692,2622
1693,2253
1694,4600
1695,3871
1696,4091
1697,628
1698,4874
1699,2293
1700,1775
1701,4188
1702,3433
1705,2003
1706,38
1707,761
1708,3189
1709,3335
1710,4054
1711,4392
1714,3620
1715,2109
1716,1619
1717,2917
1718,2765
1719,3160
1720,2618
1722,3578
1723,4219
1725,3296
1726,4973
1727,3385
1728,416
1729,2272
1730,1916
1731,4335
1732,728
1733,3276
1734,2084
1735,1706
1736,3752
1737,4038
1738,1577
1739,810
1740,1835
1741,2419
1743,3991
1744,3563
1745,3625
1746,4103
1747,4581
1748,4548
1750,4944
1751,1117
1752,1907
1753,1795
1755,925
1756,3070
1758,269
1759,3532
1760,2920
1761,4229
1762,4792
1763,2143
1764,590
1765,2184
1766,4695
1767,3463
1768,4904
1769,4414
1770,4788
1771,1173
1772,3041
1774,2698
1776,2020
1777,4241
1778,1978
1779,1826
1780,4988
1781,3265
1782,4935
1783,3135
1784,4630
1785,4661
1786,3139
1787,2285
1788,1348
1789,4451
1790,3515
1792,3625
1793,4062
1794,2389
1796,3343
1797,1749
1798,305
1800,370
1801,3594
1802,2781
1803,4538
1804,531
1805,1852
1806,3561
1807,2239
1809,4394
1810,4739
1812,4711
1813,3480
1814,1175
1816,2227
1817,4737
1818,1921
1819,301
1820,387
1821,1754
1823,1896
1824,1830
1825,4235
1826,3059
1827,3791
1828,2994
1829,4745
1830,4013
1831,3265
1832,4834
1833,3653
1834,3698
1835,4375
1836,2589
1837,3353
1838,3728
1839,4270
1840,2245
1841,2872
1842,393
1844,4552
1845,4585
1846,2618
1847,3547
1848,1011
1849,1833
1854,468
1855,2277
1856,2171
1857,4354
1858,276
1859,1110
1860,1649
1861,4917
1862,4620
1863,3839
1864,4676
1865,3007
1866,2303
1867,2390
1868,1780
1869,2677
1870,909
1871,2700
1872,3231
1874,3260
1875,2481
1876,2459
1879,1726
1880,1892
1881,1296
1882,4364
1883,4916
1884,47
1885,285
1887,4117
1888,4756
1889,2105
1890,2280
1891,1600
1892,779
1893,4055
1894,4967
1895,3113
1897,2004
1898,2611
1899,2373
1900,4458
1901,2435
1902,2911
1903,2105
1904,3331
1907,2567
1909,3843
1910,3118
1911,2689
1912,193
1913,4663
1914,3407
1915,4649
1916,1994
1917,4978
1918,934
1919,1446
1920,981
1921,1687
1922,2851
1923,2341
1924,970
1925,2833
1926,209
1928,2049
1929,643
1930,2838
1931,2271
1932,3805
1933,2302
1934,1019
1935,2161
1936,594
1937,3628
1938,3840
1939,3157
1940,448
1941,720
1942,4578
1943,4737
1945,2978
1946,200
1947,2140
1948,4931
1949,4167
1950,3473
1951,3163
1952,4837
1953,2099
1954,338
1955,3166
1956,2180
1957,4159
1958,2316
1959,4852
1960,1086
1961,4986
1962,2627
1963,4301
1964,2924
1965,446
1966,3442
1967,2153
1968,1721
1969,2503
1970,4675
1971,574
1972,3051
1973,255
1974,4513
1975,3767
1976,2994
1977,4184
1978,4954
1979,1772
1980,4006
1981,625
1982,3194
1983,3138
1984,3980
1985,3890
1986,4856
1988,3985
1989,2477
1990,3988
1991,2329
1992,4938
1993,4981
1994,593
1995,4456
1996,1170
1997,1001
1999,1416
2000,596
2001,4117
2004,201
2005,2097
2006,1024
2007,3535
2008,2081
2010,2288
2011,2998
2012,4052
2013,3334
2014,4473
2015,4574
2016,3979
2017,4666
2018,4967
2019,4684
2020,3516
2021,859
2022,3921
2023,3509
2024,2412
2025,3308
2027,4281
2028,2364
2030,2276
2031,3597
2033,2521
2034,4040
2035,2366
2036,2254
2037,4045
2038,2323
2039,2462
2041,3380
2042,3246
2044,1255
2046,719
2048,4864
2049,674
2050,1460
2051,3781
2053,2429
2054,2190
2055,3283
2056,31
2058,2272
2059,2088
2060,1063
2062,906
2063,2077
2065,2105
2066,2259
2067,939
2068,1702
2069,1117
2070,1282
2071,3543
2072,1783
2073,363
2075,4930
2076,4405
2078,3633
2079,1940
2080,4869
2081,2417
2082,2969
2084,1041
2085,3147
2086,3613
2087,3430
2090,2625
2091,3942
2092,312
2094,3536
2095,2832
2096,2202
2097,2177
2098,3030
2099,3774
2100,4840
2102,3898
2103,632
2104,2025
2107,3934
2108,2492
2109,142
2110,3446
2111,3932
2112,2976
2113,4220
2114,3584
2115,2630
2117,4835
2119,4381
2120,2573
2121,4877
2122,4408
2123,152
2124,4658
2125,2696
2126,2276
2127,4983
2128,1950
2129,4764
2130,4913
2132,438
2133,293
2135,2055
2136,1556
2137,2562
2138,3395
2139,3884
2140,2368
2141,3244
2142,2809
2143,371
2144,4724
2146,3260
2147,2296
2148,4254
2149,4201
2150,411
2151,3457
2152,2582
2154,2138
2155,3455
2156,3562
2157,2665
2158,2283
2159,4473
2160,3671
2162,1180
2163,1949
2165,2759
2166,4918
2167,1238
2168,2557
2170,2147
2172,2756
2173,3171
2174,1785
2175,4499
2176,87
2178,2891
2181,3275
2182,3807
2183,2370
2187,4754
2188,4928
2189,2668
2190,4513
2191,4199
2192,3449
2193,3971
2194,2619
2195,393
2196,3920
2197,430
2198,2011
2199,2582
2200,1931
2201,2190
2203,531
2204,2744
2206,3915
2208,3299
2209,3198
2211,2322
2212,2145
2213,4283
2214,4352
2215,1301
2216,4575
2217,3917
2218,1792
2219,3610
2220,115
2221,3001
2222,4870
2225,3459
2227,156
2228,1142
2229,4519
2230,3405
2231,4606
2232,1868
2233,760
2234,2874
2235,3829
2236,2218
2237,2479
2238,3931
2240,2545
2242,3924
2244,1352
2246,4687
2247,2262
2248,3709
2249,2498
2250,1524
2251,2448
2253,1623
2255,2352
2256,2148
2258,1769
2260,4026
2261,1525
2264,230
2265,257
2266,3848
2267,1895
2268,3444
2269,4800
2270,4291
2273,4815
2274,2981
2276,3602
2278,1296
2279,3882
2280,4747
2281,4702
2282,1000
2283,2704
2284,330
2289,2953
2290,1863
2291,3543
2294,4840
2295,357
2297,3600
2298,3198
2299,1864
2302,361
2304,4474
2305,4498
2306,2323
2307,2651
2308,3316
2309,117
2310,4804
2311,4222
2312,3301
2313,666
2314,2529
2315,690
2317,1697
2318,2698
2319,1458
2321,2055
2322,2603
2325,3446
2327,3927
2328,1857
2331,1284
2332,4721
2333,794
2334,2756
2335,2830
2336,3165
2338,2487
2339,2512
2342,3741
2343,2270
2344,2815
2345,3406
2347,2746
2348,4246
2349,2607
2350,1042
2351,3194
2353,3105
2354,2237
2356,1979
2357,3630
2358,3638
2359,1062
2360,3562
2361,4635
2362,3526
2368,3097
2369,4608
2371,1897
2374,3287
2375,3513
2376,2628
2377,3295
2378,2539
2379,4953
2381,554
2383,4467
2385,4007
2386,2898
2387,2631
2388,2374
2390,141
2391,250
2393,3635
2394,3924
2396,1754
2397,3647
2398,3161
2399,3035
2400,1489
2401,2478
2402,1447
2403,1474
2404,663
2405,1853
2406,3798
2408,2267
2409,339
2410,4189
2411,1075
2413,4292
2414,2631
2415,386
2416,127
2418,2692
2420,3648
2421,2495
2422,2435
2423,158
2424,2690
2425,3374
2426,4337
2427,4185
2428,2322
2431,3279
2432,3298
2433,3618
2434,2521
2437,4269
2438,992
2440,2993
2441,2434
2442,4965
2444,1458
2445,701
2446,2347
2447,3222
2449,4777
2450,4624
2451,3156
2452,1051
2453,4049
2454,2618
2456,4629
2457,3335
2458,2932
2459,527
2461,3058
2464,2968
2465,4591
2468,4617
2469,1648
2470,3125
2471,3533
2472,3375
2473,4456
2475,1270
2476,430
2477,3225
2478,590
2480,3765
2481,2905
2482,1737
2483,3358
2484,4401
2485,2578
2486,3158
2488,4882
2489,3617
2490,1956
2491,424
2494,4939
2496,2979
2497,2349
2499,2640
2501,3139
2503,2646
2504,4157
2505,1252
2506,3574
2507,3289
2508,4190
2509,4122
2511,1039
2513,4629
2514,137
2515,4169
2516,3804
2517,4033
2518,2865
2519,4988
2520,2719
2521,2588
2522,4045
2523,4607
2524,959
2525,237
2526,4489
2527,1718
2528,3955
2529,4214
2530,1300
2531,1128
2532,4873
2533,318
2534,4467
2535,3587
2536,3781
2537,2175
2538,4460
2539,3373
2540,415
2541,4917
2542,3620
2543,4358
2544,3125
2546,4479
2547,4067
2548,4117
2549,2179
2551,4993
2552,2575
2553,3655
2555,4657
2556,3313
2559,4670
2560,3045
2561,3549
2562,4192
2563,4195
2564,3805
2565,1439
2566,2743
2569,2805
2570,38
2571,1225
2572,4051
2575,723
2576,4510
2577,3684
2578,2768
2579,4408
2580,4734
2581,3245
2583,3050
2584,1331
2585,4336
2586,2325
2587,2638
2592,3887
2593,2830
2595,328
2596,4607
2597,3569
2598,837
2599,2551
2600,1422
2601,3808
2602,162
2604,4266
2605,4159
2606,4207
2608,3856
2609,4720
2612,4160
2613,1311
2614,4226
2616,1851
2617,3776
2620,3192
2621,4966
2624,3839
2626,346
2628,2802
2632,4039
2633,3352
2634,175
2635,2882
2636,3268
2637,2015
2639,375
2640,3249
2641,4759
2642,179
2643,4893
2644,3819
2645,3445
2647,3262
2650,1609
2652,4254
2653,2221
2654,3959
2655,1491
2656,4529
2657,641
2659,218
2661,4601
2662,3791
2663,4087
2664,3003
2667,1652
2669,3052
2671,4845
2672,307
2673,2780
2674,227
2675,4576
2679,3232
2680,4708
2681,186
2682,3059
2683,3825
2684,2485
2686,3542
2687,1441
2688,3078
2691,4163
2693,1735
2694,2907
2695,1989
2697,2222
2698,4048
2701,3048
2702,4418
2703,2837
2705,1218
2706,479
2707,4005
2708,3448
2709,3196
2711,3577
2712,1990
2714,4759
2715,1511
2716,45
2717,1466
2718,3582
2720,4746
2721,3179
2722,3757
2723,592
2724,2337
2727,4123
2728,625
2729,2803
2730,1644
2731,3072
2733,1568
2734,4147
2735,3503
2736,3657
2737,4556
2738,798
2739,4863
2740,3662
2741,2747
2742,4981
2744,4619
2745,4939
2748,647
2749,2890
2751,2450
2752,3922
2753,861
2754,4832
2755,3747
2757,3293
2760,3730
2761,2027
2762,3362
2764,2965
2766,4994
2767,3410
2770,3114
2771,2839
2772,3714
2773,1295
2774,4251
2775,1216
2777,2940
2778,2847
2779,3455
2782,2281
2785,4403
2786,4305
2788,3779
2790,119
2791,1059
2792,3027
2794,853
2795,4323
2796,584
2798,4652
2799,2030
2800,4996
2801,1441
2804,3973
2806,2410
2808,808
2809,4488
2810,3883
2811,4245
2812,4057
2813,1795
2814,4957
2816,3733
2817,4588
2818,1966
2819,917
2820,1282
2821,2375
2822,4462
2823,1894
2824,1070
2825,2357
2826,4094
2827,4146
2828,4752
2829,4107
2831,2350
2832,4397
2833,211
2834,4212
2835,3551
2838,4601
2840,3631
2841,4172
2842,1545
2843,4016
2844,4512
2845,2358
2846,1952
2850,3786
2851,4558
2852,3936
2853,4695
2854,1065
2856,1542
2858,4427
2859,4868
2860,3681
2861,3405
2862,4519
2863,1475
2866,1547
2868,3921
2869,310
2870,4674
2872,3025
2874,1833
2876,3755
2877,4827
2878,179
2879,3991
2880,3317
2881,3321
2883,3596
2884,4295
2887,1360
2888,1432
2889,2600
2891,136
2892,4562
2894,1837
2895,4561
2897,1299
2898,3225
2899,3246
2900,4443
2901,4088
2902,4969
2903,3221
2904,3912
2908,3325
2909,219
2912,3602
2913,3247
2914,2694
2915,4778
2916,2161
2917,4418
2919,2326
2921,15
2922,831
2925,3523
2926,1977
2927,3594
2928,3822
2929,4592
2930,3079
2931,3721
2933,109
2935,1524
2936,3054
2937,4314
2938,1961
2939,3257
2940,2987
2941,2976
2944,1498
2946,2526
2947,1841
2948,3063
2949,3707
2951,3081
2952,2633
2954,3354
2955,4005
2957,4937
2960,993
2961,3199
2963,579
2964,4587
2966,1029
2967,3763
2968,3133
2970,3786
2971,3067
2973,1095
2974,3033
2975,4409
2976,4880
2980,3617
2982,4398
2983,4583
2985,3129
2986,4958
2988,957
2989,3121
2991,4237
2992,4179
2995,4063
2996,3505
2999,4854
3004,573
3005,2337
3006,3456
3008,4506
3010,4484
3011,1537
3012,3862
3013,164
3014,118
3015,1073
3017,2472
3018,1877
3019,27
3020,3546
3021,4437
3022,2433
3023,4020
3024,3523
3027,1160
3028,2689
3029,3034
3031,917
3032,3647
3033,592
3036,2479
3037,1920
3038,4675
3039,2765
3040,1542
3042,2813
3043,4820
3044,3582
3045,2023
3046,4391
3047,59
3055,3041
3056,4750
3057,2603
3060,4830
3062,3661
3064,2292
3065,2959
3066,3442
3067,4762
3068,4134
3069,270
3071,4322
3073,2795
3074,324
3075,4039
3076,3712
3077,2519
3078,3293
3079,3741
3080,490
3081,3828
3082,868
3083,899
3084,1136
3085,784
3086,3957
3088,103
3089,2719
3090,2326
3091,4760
3092,1658
3094,4916
3095,3921
3096,86
3098,3255
3099,2001
3100,2603
3101,4152
3102,4939
3103,1378
3104,4020
3105,3548
3109,3478
3110,1008
3111,2567
3114,1365
3115,1461
3117,2214
3118,4817
3119,4100
3120,4001
3122,3926
3123,4958
3124,4
3125,177
3127,3710
3128,1811
3130,3185
3131,3524
3132,4194
3134,4096
3136,1188
3137,2627
3140,70
3141,3481
3142,1749
3144,3989
3145,3413
3146,2051
3148,2383
3149,3426
3150,685
3151,3112
3152,2124
3153,2829
3154,2663
3155,3456
3158,1086
3159,4323
3160,3689
3162,1139
3163,4852
3164,4042
3167,486
3168,4566
3169,11
3170,4260
3171,4597
3172,3646
3174,4886
3176,4692
3177,4039
3180,4512
3181,1323
3182,3875
3183,2036
3184,1130
3186,1819
3188,912
3190,3284
3191,3734
3192,3489
3193,1612
3194,4375
3195,4818
3197,4141
3200,886
3201,3675
3202,1312
3203,2502
3204,4798
3205,565
3206,2605
3207,3414
3209,1534
3210,4386
3211,1005
3212,3677
3213,2
3214,3809
3215,2937
3216,2141
3217,4657
3218,4161
3219,4318
3220,1111
3222,2337
3224,4315
3227,3225
3228,2308
3229,4786
3230,1756
3231,3979
3233,1550
3234,2024
3235,693
3236,4577
3237,3995
3239,581
3242,95
3243,756
3246,4857
3248,2833
3250,4080
3251,1664
3253,4023
3254,2105
3256,868
3259,705
3260,4879
3261,193
3262,4846
3263,4918
3265,3735
3267,1964
3268,4585
3269,4627
3270,4181
3271,3310
3272,3583
3273,4821
3274,4530
3275,1648
3277,4337
3278,1068
3280,3867
3281,4997
3282,4039
3285,3871
3286,1483
3288,4854
3289,3267
3290,4066
3291,3495
3292,3728
3294,629
3295,3886
3297,4968
3299,560
3300,4069
3301,4671
3303,4624
3305,464
3306,2858
3309,1731
3310,4933
3311,4910
3312,4231
3313,1839
3314,238
3315,3941
3319,3530
3320,531
3322,734
3323,2431
3324,3611
3325,2774
3326,378
3329,769
3330,2971
3332,298
3333,3628
3336,2194
3337,3351
3338,3610
3339,3179
3341,4643
3342,2600
3343,3485
3344,1688
3346,2655
3349,4465
3352,4510
3353,3405
3355,3286
3356,3645
3357,3625
3359,3007
3360,4431
3361,4151
3362,4203
3364,4823
3366,722
3367,2479
3368,4211
3369,3204
3370,555
3371,4450
3377,4402
3378,1749
3379,624
3380,3654
3382,2162
3383,2064
3384,4906
3386,4584
3387,3736
3388,1861
3389,3531
3391,4304
3393,1559
3394,193
3397,3605
3398,4575
3399,879
3400,1591
3401,2072
3402,2789
3403,152
3406,4661
3409,4377
3410,4424
3412,3766
3413,2649
3415,3680
3416,4316
3417,159
3418,4515
3419,2357
3420,2008
3421,3625
3422,3362
3425,4974
3427,3464
3428,3177
3429,4227
3431,2844
3432,909
3433,2815
3434,3552
3435,3635
3436,231
3438,1336
3439,1200
3440,3654
3441,3954
3443,3827
3444,1126
3445,1383
3447,4808
3448,491
3449,4743
3450,2550
3453,1080
3454,4288
3456,4382
3458,3995
3460,4554
3461,2512
3462,3359
3465,451
3466,3860
3468,3937
3469,4726
3470,1817
3472,4883
3474,3889
3475,3608
3476,3643
3477,3395
3478,4441
3479,4821
3481,1105
3482,1004
3483,2326
3484,3057
3486,4250
3487,4412
3490,10
3491,4568
3493,1600
3494,1044
3496,3187
3499,3607
3502,1010
3503,3816
3505,4076
3506,2083
3507,3839
3508,3761
3510,2699
3514,3804
3517,4779
3519,1441
3521,3535
3522,3852
3524,3672
3526,4312
3527,4134
3529,1667
3531,4786
3534,4042
3537,407
3538,2446
3539,4137
3540,213
3541,2682
3544,4252
3545,2498
3546,1130
3549,4953
3550,2099
3551,2661
3552,4683
3553,4412
3554,3812
3555,3778
3556,1270
3557,4416
3558,3783
3559,4169
3561,3938
3566,2547
3567,672
3568,2504
3570,256
3571,4721
3572,942
3573,342
3574,2873
3575,3770
3577,2881
3578,2407
3579,4092
3580,2781
3581,1603
3585,1535
3586,1616
3588,4113
3589,4365
3590,2714
3591,4095
3592,3676
3593,1673
3596,3194
3598,2811
3599,4662
3600,4619
3604,1064
3606,2687
3609,1124
3610,2487
3612,3532
3613,2882
3614,1613
3615,4974
3616,4497
3619,1027
3622,4423
3623,4121
3624,1830
3626,4503
3627,4819
3629,4101
3630,3171
3632,391
3633,3827
3634,4986
3636,4486
3637,4553
3639,3670
3640,1608
3641,1184
3642,596
3643,4566
3644,4815
3649,2024
3650,42
3655,3886
3659,4189
3661,4656
3662,4785
3663,3500
3664,337
3665,3025
3666,3209
3668,50
3669,3733
3672,4532
3673,3755
3674,1361
3675,4117
3678,189
3679,4177
3682,2287
3685,2829
3686,4375
3687,2289
3688,1109
3690,1273
3691,4600
3692,723
3693,757
3694,712
3697,4011
3698,4553
3699,3829
3700,3631
3701,1069
3702,1048
3703,4957
3704,4571
3705,1323
3706,1571
3707,159
3708,1791
3711,3734
3713,830
3715,4481
3716,3572
3717,3794
3719,2506
3720,4800
3724,3933
3725,78
3726,255
3727,4859
3729,1324
3730,1232
3732,2716
3736,2726
3737,2666
3738,3684
3739,4073
3740,4449
3742,3624
3743,3524
3744,2924
3745,4132
3746,674
3747,4242
3748,2330
3749,4421
3750,4321
3754,915
3755,3712
3756,1577
3757,1548
3758,1127
3759,4256
3760,4345
3761,4740
3765,4818
3766,4305
3772,4933
3773,3292
3775,2363
3776,4191
3777,4410
3778,4510
3782,662
3783,4489
3784,1968
3785,2738
3787,2533
3789,2664
3790,1409
3792,2380
3793,4325
3794,2473
3795,4682
3797,4270
3798,1520
3799,1808
3800,650
3801,4976
3802,1763
3803,2087
3806,1290
3808,4260
3810,2509
3811,1669
3812,2329
3813,4242
3814,3948
3815,1695
3817,2031
3818,3215
3819,4666
3820,2589
3821,4829
3823,1429
3824,2096
3826,4934
3830,1968
3831,4930
3832,4211
3833,1106
3834,3165
3836,4163
3837,4705
3838,2209
3841,333
3842,4617
3844,4726
3845,4065
3846,1962
3847,1209
3848,4236
3849,4517
3850,969
3852,743
3853,4515
3854,227
3855,979
3857,1529
3858,3373
3859,2994
3862,518
3863,2429
3864,4033
3865,3184
3866,4428
3867,4072
3869,4879
3870,4089
3872,3733
3873,2164
3874,795
3876,4805
3878,1046
3879,541
3880,3384
3881,4286
3882,4368
3884,351
3885,2460
3887,3771
3891,1415
3893,3255
3895,3075
3896,1453
3897,4747
3899,2624
3900,4412
3901,1697
3902,859
3903,237
3904,4677
3905,3583
3907,2081
3908,3388
3909,4206
3910,2801
3911,3398
3914,4975
3917,4481
3918,3712
3919,2731
3925,2579
3928,3021
3929,3207
3932,4533
3936,2105
3937,3374
3943,4488
3944,3979
3945,1015
3946,868
3947,2699
3949,4400
3950,1182
3951,62
3952,812
3953,3279
3954,3341
3955,3076
3956,734
3957,4480
3959,4631
3960,1179
3961,1160
3962,4638
3963,725
3964,4023
3965,4016
3966,2583
3967,2052
3968,639
3969,2982
3970,4414
3971,1989
3972,4963
3977,4843
3980,3880
3981,3890
3983,4467
3984,484
3985,3822
3987,3397
3990,923
3996,3289
3997,4562
3998,4218
4000,2364
4002,4824
4003,4579
4004,3704
4006,4875
4008,3852
4010,395
4011,1031
4014,4380
4017,4292
4018,4355
4019,1962
4020,957
4021,4773
4022,4310
4023,1224
4024,3179
4025,4749
4028,3570
4029,872
4030,1750
4031,1711
4034,3443
4035,401
4036,4817
4037,4984
4041,617
4043,4434
4044,2337
4046,4040
4050,1449
4053,3179
4055,2799
4059,3103
4060,463
4061,4648
4065,4356
4067,115
4068,4580
4071,3478
4072,3531
4073,3672
4074,4511
4075,3342
4081,2004
4082,3523
4083,1616
4085,3106
4089,479
4090,2727
4095,3078
4098,87
4100,4693
4102,2253
4104,4488
4105,3368
4106,4762
4107,3915
4108,3048
4109,3197
4110,2614
4111,295
4112,115
4114,2758
4115,4177
4116,93
4119,2256
4123,4657
4124,4564
4125,4287
4126,4074
4127,2554
4128,3597
4129,979
4130,4400
4131,2501
4132,4722
4135,4832
4136,3058
4138,914
4139,1761
4140,2998
4142,44
4143,3255
4144,1924
4145,3304
4147,4438
4148,4358
4149,4369
4152,4750
4154,4661
4155,845
4158,1132
4159,4840
4161,2096
4165,1308
4166,3371
4169,949
4170,3602
4171,4303
4172,1460
4173,4270
4174,1567
4175,1967
4176,4524
4178,1444
4179,33
4180,4660
4183,4354
4187,4933
4189,4437
4192,4608
4193,4232
4197,4951
4198,3244
4200,197
4201,1668
4202,1729
4204,4713
4205,4970
4206,2931
4207,2349
4208,548
4209,2080
4210,1738
4215,1584
4216,2549
4219,4624
4223,1204
4224,2367
4225,4277
4228,746
4230,4072
4231,1339
4232,3642
4233,1103
4234,925
4238,4626
4239,2069
4240,154
4241,2816
4244,4854
4247,3500
4248,777
4249,3225
4253,4524
4255,530
4258,3737
4259,4964
4261,1650
4262,1592
4263,2376
4264,981
4265,4276
4267,2876
4268,4812
4272,3830
4273,2223
4274,688
4275,3009
4276,151
4277,3898
4278,4713
4279,4565
4282,1449
4284,1192
4285,117
4286,1748
4288,1359
4289,239
4290,3024
4293,4520
4294,1041
4296,4928
4298,4467
4299,1442
4302,2341
4304,4231
4309,1808
4310,383
4311,3778
4313,4074
4315,4121
4317,3799
4319,417
4322,375
4323,4557
4324,954
4326,4332
4327,3156
4328,1276
4329,4053
4330,4287
4332,701
4333,4371
4334,1811
4338,1603
4339,3610
4340,785
4341,708
4342,2673
4343,4066
4344,3005
4346,4677
4347,3077
4348,4217
4349,347
4350,3916
4351,2202
4356,2089
4357,1825
4359,4907
4360,3063
4361,3355
4362,9
4363,2425
4366,1772
4367,3139
4371,2956
4374,3548
4376,435
4378,1614
4379,169
4384,1653
4385,1581
4386,3615
4387,52
4388,2483
4390,3175
4393,4400
4394,4024
4395,911
4396,1378
4399,544
4405,2773
4406,4950
4407,4979
4411,2964
4413,1049
4415,4588
4417,2461
4419,1005
4422,3742
4423,4526
4425,2995
4426,3822
4430,4518
4432,4637
4433,1207
4435,4027
4436,1362
4439,2090
4440,189
4442,4308
4443,2619
4444,420
4445,4858
4446,190
4447,2660
4452,3986
4453,4271
4455,514
4459,3142
4461,2237
4463,2007
4464,4853
4466,620
4468,998
4469,3292
4470,4663
4471,370
4472,4608
4475,398
4477,4943
4482,3430
4483,3985
4485,641
4486,3032
4487,4852
4490,2166
4491,2994
4492,3061
4494,4648
4495,2732
4496,4889
4500,1449
4501,1514
4502,4213
4504,117
4505,2538
4507,3966
4508,343
4522,2169
4523,430
4524,3692
4525,4245
4528,4551
4530,3629
4531,3451
4534,4702
4535,2362
4536,4547
4537,1196
4540,137
4541,3739
4542,4648
4543,2866
4546,1315
4547,160
4549,1222
4550,399
4555,4696
4560,1745
4563,4571
4567,3930
4569,7
4570,3456
4571,2940
4572,3451
4582,1833
4583,688
4586,612
4589,4107
4590,1427
4593,2166
4594,4552
4595,2223
4596,521
4599,2969
4604,2691
4605,1549
4611,373
4612,3029
4613,3676
4614,10
4615,511
4616,4981
4618,1945
4621,1833
4623,1608
4625,3147
4627,3265
4628,72
4632,3208
4633,4421
4638,1473
4639,4967
4641,3328
4642,2997
4644,1500
4645,3286
4646,3106
4647,1976
4649,2857
4650,456
4651,3530
4652,2131
4653,3571
4654,399
4655,2353
4658,3482
4659,4855
4663,4878
4664,4359
4666,4986
4668,1086
4669,374
4672,2360
4673,4279
4679,2709
4680,677
4681,1039
4684,4156
4685,835
4688,4451
4689,4848
4690,436
4691,3733
4694,1648
4696,3734
4697,761
4698,2589
4699,1495
4700,3627
4701,1064
4703,4269
4704,3932
4705,4172
4706,265
4708,2364
4709,464
4710,1837
4713,3231
4714,2927
4715,620
4717,399
4718,4238
4719,1987
4722,2366
4723,4502
4724,1287
4725,2258
4727,851
4729,568
4730,2628
4731,2439
4732,4823
4735,2589
4738,4951
4739,4780
4742,4905
4744,572
4749,3778
4750,4796
4751,4887
4752,2043
4753,3381
4755,2779
4756,193
4759,634
4761,2304
4763,1076
4764,3755
4765,3408
4766,3580
4767,4323
4768,4550
4769,747
4770,125
4771,3107
4774,886
4777,755
4779,932
4781,4619
4782,4351
4784,2982
4787,3613
4789,65
4790,796
4793,327
4795,4551
4797,70
4799,699
4801,1862
4802,494
4806,1122
4807,4699
4810,1737
4813,3267
4818,4243
4819,4830
4820,3475
4821,1544
4822,690
4823,4629
4825,1365
4826,1738
4831,2372
4835,762
4842,1472
4843,585
4844,596
4847,4326
4848,4089
4849,3677
4850,2761
4855,3446
4856,4896
4859,3127
4860,4664
4861,4973
4864,998
4865,3523
4866,483
4867,3749
4871,372
4873,2028
4874,4761
4876,3371
4878,4753
4881,2114
4882,587
4883,684
4884,32
4885,4235
4887,3189
4888,2939
4890,2692
4891,719
4892,4165
4894,190
4895,3767
4897,2513
4898,4991
4899,3384
4900,3473
4901,4885
4902,712
4905,906
4908,448
4909,2253
4911,1857
4912,3639
4914,4891
4915,2731
4919,307
4920,4424
4921,2875
4922,2662
4923,1171
4924,2692
4925,2516
4926,865
4929,4688
4932,3277
4935,1276
4936,601
4938,3370
4940,2955
4941,3515
4942,4974
4944,4203
4945,2903
4946,109
4947,995
4948,824
4949,2782
4952,3936
4955,2136
4956,789
4959,4015
4960,296
4966,236
4968,2022
4970,3889
4971,1975
4972,4670
4977,243
4978,2368
4980,1474
4982,2335
4984,3138
4985,41
4987,491
4989,582
4990,3432
4991,2568
4992,3309
4995,3576
4996,2651
4997,4740
4998,212
4999,541
2176,225
34,4354
130,1237
162,3085
175,2001
3125,800
137,2725
222,4175
225,2116
321,1426
333,1001
360,837
2921,1240
377,1223
378,2264
4846,3600
108,4872
424,3187
2476,659
449,1076
1164,2587
4203,1130
2391,2975
472,1562
504,2034
3522,1853
544,4481
565,2577
1241,3181
575,792
1145,396
517,258
144,1075
4370,1281
316,2384
13,1026
635,1734
404,3568
658,3882
4883,1258
80,2503
1152,2830
702,646
308,4095
2969,181
738,945
756,255
19,1851
772,2479
778,2629
1653,2315
1739,1724
3884,2857
851,2196
852,583
857,2968
869,1916
1616,1267
839,672
888,2324
4742,1510
908,2131
775,2789
621,4603
941,2805
947,1246
955,4610
4297,2679
189,693
970,575
149,957
3301,4159
982,4217
983,1991
984,974
374,2
971,3575
1011,3675
243,4868
710,3649
1023,3335
1027,3103
4196,515
1033,4644
298,4147
362,700
667,2847
2674,1830
1177,1381
1076,2403
2455,2710
788,1431
61,4040
1101,251
4156,1920
398,2678
1075,2281
1633,4484
978,4014
367,1783
1136,4510
3162,2986
1102,1954
3158,293
2287,1271
1165,3876
1166,1594
2854,4431
1180,2805
3950,1952
3136,3952
1189,2225
1196,3504
1200,1527
1212,886
1198,3034
4713,2082
1229,2113
1234,3349
4745,347
1256,169
274,1874
1267,2635
2740,1238
1273,2558
2658,3426
1275,3053
1276,4776
1278,4579
1280,2830
1306,2016
1230,3189
2305,1127
1323,628
1025,2431
1328,3293
1329,4648
1042,3495
1333,620
481,352
1341,2701
4042,179
524,4325
4784,1515
4436,2026
1303,4320
1231,3219
1378,4467
1383,2330
4465,1621
1397,659
1356,1436
342,3839
1409,1793
1418,4550
1421,2011
43,1687
1337,3273
1438,4818
595,3172
2319,990
850,264
1477,4477
1479,3601
1481,3081
2400,1683
1087,1687
705,1336
4644,2026
3798,63
1523,4188
1525,1541
1529,386
1535,1070
332,2874
1036,3511
592,3704
1552,4170
1260,385
1556,1704
494,2252
1039,3804
1567,1042
1565,3628
1566,1959
752,3034
4824,3868
1354,159
3225,2648
406,4133
237,3536
1608,3644
1614,2995
1462,4048
2253,298
683,4629
750,4596
1514,4447
18,2244
2667,3343
3487,2725
3092,99
1659,1610
753,4271
4814,1648
451,3051
1334,2116
3178,2998
3811,4746
1938,4161
1578,3888
513,484
1250,1324
923,4161
4992,4052
4444,639
1746,455
862,3608
774,4600
1753,3079
1757,390
1773,2510
1428,1047
2501,3514
1791,490
353,4386
3799,4907
4780,3283
3417,2519
2819,3677
1822,1570
1826,1649
3742,1901
3706,3991
1843,4840
339,1324
958,3937
2405,2666
4917,3133
4676,891
1159,2572
324,3211
75,2702
1886,3848
1895,4972
1896,4776
1905,4691
1906,4018
1907,4279
593,78
1927,1527
3668,1725
1967,902
873,106
1978,4716
1987,1090
1998,2996
2002,1497
1028,4971
2009,496
3516,2678
2412,4415
2026,4823
4158,3877
209,1287
2040,2131
555,3377
120,161
1214,1729
2052,1228
2088,2081
1577,2434
1192,1544
2074,1254
2077,2638
732,2896
2093,1204
2005,2205
2101,4950
2105,2058
2106,4462
2492,3027
2114,3485
767,3121
2119,2874
2134,4573
3097,2771
872,1634
2161,3786
1004,964
2759,2953
690,4636
2171,3613
2179,683
1956,2865
1765,64
2185,4593
2186,2673
4754,723
2207,2446
1459,3372
3001,3156
2697,4758
1162,3572
3459,2493
2226,1361
510,2789
328,3267
154,2203
1840,234
2036,1419
2066,3112
2262,4439
553,3890
1931,730
2275,4517
1855,1621
4747,4320
1787,3403
2286,4838
2288,1625
2292,4886
2293,418
2170,4077
2300,4852
2301,4631
2303,1421
2651,4100
4804,3272
1958,2309
2320,4541
1001,225
2326,740
4044,695
913,3010
4302,3799
2815,1268
2346,970
2497,1308
2352,2404
1415,212
2361,4488
608,1083
1555,4709
1163,4848
418,2591
2367,521
4472,3267
2183,3492
21,865
1899,3237
3792,1405
2382,4171
2387,1158
2389,3939
1860,658
4433,4382
4924,700
1741,473
2429,1540
2430,1584
1310,393
2439,4952
387,212
2443,4917
2448,4968
2460,109
2462,4548
4844,820
151,461
231,2633
4401,184
2487,2053
3617,3568
2495,3518
2249,139
882,911
1819,1977
2517,2421
2529,2705
2545,268
4127,4858
4123,407
2557,1040
4991,528
1408,3109
719,504
4025,4377
2768,3634
2199,3397
2588,3863
2589,4917
2590,4154
1205,3926
2610,4758
532,1362
1258,4255
2454,2995
2619,3511
766,2648
2090,2226
4019,3063
943,2764
2115,4891
3249,3679
4138,3851
717,42
2157,2209
74,1253
2670,3722
2676,545
1869,1254
1568,1900
2686,479
2689,4069
2690,4579
2125,1651
312,3936
2700,4250
560,1044
2707,525
2709,4588
1183,3946
2520,3171
2726,791
2803,4153
2732,2612
2739,1512
2743,3537
2446,1105
2747,424
1429,4798
2756,159
264,1441
1355,1556
2527,2580
1513,1571
2776,559
2673,773
2781,5
2783,3983
1315,3048
2787,2335
687,389
1375,1863
3733,1594
4462,194
2836,3420
2703,1022
2778,2131
1252,1326
4289,4818
2851,160
2935,2920
2864,4053
959,3998
2873,4852
2875,293
1179,695
1143,2500
1327,153
603,1961
3221,1218
4028,2260
2906,4837
2907,4366
1607,132
2911,229
200,3725
545,3551
2929,90
2458,1831
182,3414
1147,1446
688,1743
275,4302
2953,2426
2958,4868
3493,4622
1220,2994
2965,1317
2972,3173
2976,3774
1255,3894
1945,1736
2496,1967
2274,1275
2984,151
2987,3061
2990,1109
2991,3721
1828,2227
2997,4960
3000,2538
1475,49
3003,321
1055,4958
2842,3402
171,2387
3030,3504
3035,3353
3055,3406
3049,3858
3050,3446
1972,1228
1447,2704
2936,3261
2461,2246
2948,2468
3067,3871
4134,1349
2731,2523
3076,3889
3087,523
3093,4478
3106,2637
1575,2323
3116,3305
4817,3226
3121,1164
3126,2755
3129,3264
3138,1030
3143,1774
4625,4403
3157,4346
3161,3957
2336,1156
3166,590
2601,4063
3175,4021
4024,2871
537,321
4887,3699
3194,1052
3838,955
2961,1547
4632,872
3226,1080
3238,4520
642,583
170,1915
4198,1938
1542,1689
2913,4482
218,4369
3098,4741
2939,844
3258,4660
1059,1868
1460,3608
1733,3369
3190,4951
3287,346
3655,2203
610,3622
3298,1903
2833,2599
3772,2500
2308,646
3317,3622
2881,4252
3324,1345
580,1721
309,3327
1904,3828
2013,745
1137,4523
3347,1836
3350,686
3337,3720
2954,3772
3358,504
859,1062
3365,923
2425,2381
2472,942
3376,630
3385,4726
2626,1451
3395,2665
1100,1241
3404,2041
1837,238
1521,3680
3410,403
281,4346
214,2979
3424,4423
3615,3475
47,495
2818,2209
2325,3495
824,4472
1663,70
2779,3931
2151,2182
3464,2942
3467,970
3471,1173
4900,4575
1813,1052
3488,3133
236,1044
3291,4027
830,2535
552,2327
1382,4747
3816,3828
3509,1883
3512,4880
2821,1949
280,1606
4082,1124
861,1748
1759,4018
2471,1533
2007,3963
2291,2631
3547,484
3444,2189
3434,4533
1235,3860
3938,1398
3562,3975
3563,1667
3564,650
3565,988
3569,4254
4995,3814
2718,2515
2535,4408
3594,2757
73,3723
4128,4693
457,1964
3397,3773
3607,3996
2433,4785
1714,159
3621,4512
2218,690
3631,4513
3827,4529
2393,4912
379,1282
3356,2740
126,2309
2420,4194
1417,3048
3652,2614
3653,2084
210,1477
3657,1292
3658,1903
3660,2250
3661,2495
3667,3213
713,2688
4613,2605
432,3721
1029,1908
3695,1135
3696,4429
2248,3121
3714,4976
864,2616
3731,2254
1149,420
3741,4392
4321,3599
3753,4739
3761,2495
1412,893
3763,1457
1388,1179
168,1203
399,1674
291,840
3776,3210
2788,1071
638,3602
2970,3449
196,456
784,4235
3796,2596
1932,1687
3807,4649
3809,1965
3821,58
1270,950
3825,4517
3835,3106
3839,4403
655,4870
3856,1153
3815,3632
606,3032
1169,1003
2810,464
1985,886
3892,327
1148,4906
4277,2014
3906,4172
155,4857
2752,4647
919,1798
3924,3721
3930,3831
2238,4841
4533,2089
3724,4441
4998,4796
3935,4376
1233,1311
3315,1967
3942,4892
3957,1381
3958,1964
3974,456
3976,2729
4614,2925
1226,3517
3986,225
1990,2998
3992,3335
1344,4752
1432,1920
129,3028
4001,981
4875,4383
4007,1053
4009,2024
1057,2638
2843,1682
1445,4998
966,3933
3075,600
2037,3843
4047,1890
4049,3134
1710,2708
1210,2673
4057,2219
4058,3568
2995,3119
4064,3637
3273,401
707,4629
588,3013
303,3880
4080,800
4084,1579
2295,4003
3154,248
2901,106
1696,3188
4092,1240
4094,2162
478,2716
1193,4170
3629,1340
4113,1689
4118,2182
4122,2462
1104,428
3539,3535
4146,1686
331,1611
549,3174
3836,4961
4180,2500
4181,514
4182,4759
2427,2819
4186,3348
4190,2683
4195,3320
4197,3777
1511,3223
3368,3424
2834,2026
1706,3566
4222,3452
2614,3409
1208,4468
4229,1851
4235,4420
4245,4631
12,4588
1628,3884
2774,2025
3544,4064
2148,1817
4257,446
2604,433
1224,20
3797,2257
1464,720
4281,3004
4283,179
4125,2170
2270,909
2413,262
2884,4984
1111,2421
1288,658
4171,3236
3766,3624
371,1004
896,2985
3818,20
3416,2910
4318,2290
4323,2668
4336,2384
4345,3934
1636,479
4354,2619
4148,3868
3589,4424
4372,3799
637,4516
1369,1616
3046,1736
1711,2273
4397,1857
4130,789
1453,2330
2975,1540
1769,4474
4416,3850
4421,4159
2858,2405
4428,2760
4429,3094
4332,103
4437,1570
1185,2116
3740,1660
4450,4815
4451,3599
4454,192
4456,1952
1450,2024
4473,1035
2546,452
3783,3205
4648,106
4497,4422
2175,979
3626,3197
3008,1067
3431,60
4514,3208
4515,650
132,3453
4430,802
4519,1138
4081,164
4527,1262
3524,585
4020,1879
578,3797
1071,67
4554,4174
4561,3149
3997,1664
4564,2197
4566,1223
3491,1599
4575,2281
4576,819
1942,2591
4068,4806
814,848
4585,150
4591,4745
49,799
3551,4637
895,4438
4606,3302
4609,293
1862,3698
4624,3064
4626,3109
4630,1743
4634,6
4640,4344
3954,1348
4661,4746
1858,3596
2870,979
1970,1232
4677,3445
3795,4025
4687,4375
3176,604
1766,2153
4707,2121
4712,4838
2609,1959
4721,3286
4726,2109
4733,2451
1305,1377
4757,1497
4772,2631
35,1602
4778,1058
188,1298
1387,2182
879,452
1762,65
4779,3979
1414,4260
4268,2614
2877,3005
3604,2943
4135,4505
4833,1967
208,4348
2671,3417
4851,4865
4464,4939
2999,3154
4896,4907
1471,4803
2080,1683
4753,1385
4879,2600
4496,3644
2643,4614
4903,1976
1768,1269
4910,283
2130,2016
4916,4593
2166,3219
1603,2808
4296,103
4930,2650
4931,863
3826,2129
4953,3769
2814,1419
1534,194
801,1134
3972,2738
1372,3811
4965,2655
1894,403
1726,3035
4975,3876
4407,618
1993,4203
4983,1171
4994,2688
800,1068
98,3041
4427,2673
579,3237
361,3052
530,732
2016,2906
1389,4301
3235,2719
1195,3340
1983,3164
3911,2970
293,2929
1016,1029
1238,2569
4776,4409
226,4221
3291,2131
4467,2009
2330,1188
461,3219
3540,2600
990,3792
2631,2596
1825,875
3400,2640
252,2
4523,2685
2094,902
4016,1190
1749,3459
639,1961
1716,1983
3407,4272
4833,3728
1704,1712
2412,3482
1625,4285
360,4803
4375,115
2081,2977
2475,3796
1674,3566
2040,4780
2771,3426
690,2688
810,4283
2205,571
2252,3518
1138,340
1889,1526
3602,3327
842,3114
4706,829
538,886
4982,4603
2366,4184
2395,3699
4382,4954
4422,4622
253,730
2495,4255
2558,1555
4377,2883
1680,2576
778,1396
3413,934
3516,620
2164,511
4458,961
4966,4450
2865,3113
89,285
1269,4434
3871,1750
229,2403
59,4864
1964,3657
628,3780
3277,4758
1446,2015
4563,4432
880,2173
1659,2186
3304,1420
362,1908
1756,437
139,4607
3133,3953
367,442
2451,569
811,1226
3542,1282
2871,269
2491,4681
1311,3453
3207,4980
4211,3759
117,1492
1023,2902
1347,4169
3858,955
3374,2309
3861,3638
3426,195
3430,3131
405,2987
123,2973
2183,1024
1211,2120
2226,2661
3530,1213
3615,1688
989,2762
2190,1655
3646,4347
3677,1652
3408,2043
161,3246
2394,4548
3722,203
3126,977
3751,1552
2978,1147
1203,1780
3804,2977
4995,1006
1886,3712
3860,4706
3868,1664
1165,2053
3888,3849
3076,2535
4589,411
3920,2541
3297,4477
552,932
4234,1675
2389,4432
1743,2298
2573,3686
1731,2297
1015,360
2307,2940
3028,3884
2453,1532
4539,4380
2548,433
2823,3384
3221,1266
1623,4758
2982,1780
2729,464
912,3166
2732,3283
844,2726
3513,4363
2921,2744
2430,4550
3777,3391
1237,3275
514,4986
753,1676
4577,4927
4320,3232
3793,49
4331,4355
63,4318
3882,3780
4369,1314
221,1840
4383,1622
4031,1555
4418,1833
3403,4671
3933,4093
3000,2041
4414,4709
748,703
1528,981
4481,2929
4488,4597
3154,1341
1000,2874
1351,3860
796,535
3827,4120
255,3936
1071,3783
3375,2666
4543,4023
1533,3319
4279,2645
4310,1979
4579,604
4617,3672
3211,3388
4631,3903
2891,4119
3399,3146
389,3729
2256,4304
3893,3104
2850,442
4748,1952
1415,2434
806,1334
127,3177
1441,3936
448,3384
3418,3798
102,1676
3381,1218
1808,4636
2745,4829
2986,4241
1058,3365
4845,575
781,4325
4597,3135
3900,2214
4076,1802
2578,2222
3291,4339
4879,461
2994,880
4324,2528
998,515
3662,2131
470,1697
1830,792
530,468
3996,2547
265,3283
4917,580
1318,2065
3294,4840
511,1076
1365,4864
126,2072
354,2287
4759,756
2979,1377
1323,4840
983,4605
1145,1164
2170,646
3400,1029
3532,3523
3925,1361
4484,385
2084,1381
1904,4389
1743,3211
3113,347
3578,3149
3332,1526
4073,2110
3915,2861
4562,3767
4303,3096
2833,1447
419,4748
4943,1669
3355,4709
3566,4434
1655,99
1520,2940
1501,69
end sequential
Total time sequential: 0.01225679990602657199
1536,1006
512,1773
256,2905
2560,3045
2561,3549
2048,4864
2304,4474
2816,3733
2049,674
2817,4588
1792,3625
768,1621
1793,4062
2050,1460
769,3917
2305,4498
1537,3424
2818,1966
513,1704
257,1566
2051,3781
2562,4192
2306,2323
0,2329
2819,917
1024,4833
1794,2389
2052,677
1795,1753
2053,2429
1025,1326
1280,393
1026,658
1281,4113
770,633
1,684
1796,3343
2820,1282
1027,3603
514,4256
258,2920
2,4509
1538,332
2054,2190
1539,1036
3,947
1797,1749
2055,3283
1028,2003
2056,31
1798,305
2057,1182
1799,353
2058,2272
1800,370
2059,2088
1801,3594
2060,1063
1802,2781
2061,1577
2563,4195
2821,2375
771,2613
2822,4462
1282,2668
1029,3683
772,184
2823,1894
1803,4538
2062,906
1804,531
259,736
2564,3805
2307,2651
2565,1439
773,1341
2063,2077
1805,1852
2064,118
1806,3561
2566,2743
2308,3316
2567,1907
2309,117
2568,1630
260,1023
2824,1070
774,156
2065,2105
1807,2239
2066,2259
1808,899
4,3621
2569,2805
261,1328
1283,3547
1030,4603
1809,4394
2067,939
1810,4739
2068,1702
515,36
262,3258
516,2001
2825,2357
775,929
2826,4094
776,4610
5,3530
1031,4196
1284,1331
1032,4203
2310,4804
2570,38
2311,4222
2571,1225
2312,3301
1285,1102
777,778
1033,4511
1286,3576
1034,298
2827,4146
1540,3348
778,1503
2572,4051
2828,4752
779,3633
263,3662
517,584
1541,2395
6,2629
2573,504
2829,4107
2313,666
2574,719
1811,159
780,1458
2830,2335
781,2551
2831,2350
782,2517
2575,723
2314,2529
2576,4510
2832,4397
783,89
264,153
518,3875
1287,1597
784,4922
2833,211
1542,3245
7,3518
2834,4212
785,4066
2835,3551
786,2495
1543,4813
8,2423
1035,2439
2069,1117
1812,4711
9,3974
1544,4066
10,3978
1545,3009
519,2558
265,1076
1813,3480
2070,1282
1814,1175
2071,3543
1815,917
11,4589
1546,2239
2577,3684
2072,1783
1816,2227
2073,363
12,4246
1547,4556
266,3842
520,3391
2315,690
1817,4737
2074,1089
1818,1921
2075,4930
1288,863
1037,768
1819,301
2076,4405
1820,387
521,1502
267,3390
1821,1754
268,3081
522,2964
269,3372
1822,296
2316,1958
2578,2768
2317,1697
1289,3829
1038,362
1290,1422
270,3207
523,3789
271,4038
524,1345
1291,3215
2318,2698
787,4845
2836,429
788,1092
2837,2703
789,3445
1292,4678
1039,1559
2838,4601
2319,1458
2579,4408
2320,1056
790,3851
2839,2771
2321,2055
2580,4734
1040,1266
1293,3911
2840,3631
791,2906
2841,4172
792,1330
2078,3633
1823,1896
2079,1940
1824,1830
1041,2943
1294,4619
1042,1331
793,2355
1548,3208
13,625
1549,18
14,3441
1550,592
525,2065
272,4853
526,107
273,107
527,4089
274,1266
2842,1545
794,3925
528,4448
275,2950
1825,4235
795,2610
2581,3245
2080,4869
1551,2344
2322,2603
2081,2417
15,364
2082,2969
2582,480
1043,934
1552,3302
2323,1474
276,4667
529,1753
1044,4120
277,1236
530,2776
796,3238
2324,1592
2583,3050
1045,4751
797,1139
1826,3059
2083,732
531,2611
1046,3632
2584,1331
2325,3446
2585,4336
798,167
2326,1396
2586,2325
1047,3013
1295,4798
278,3296
1296,162
16,2140
2327,3927
2587,2638
2328,1857
2588,2521
2330,602
2589,1836
2843,4016
799,3537
2844,4512
2331,1284
2590,340
279,574
532,2611
800,1436
2591,1205
2332,4721
801,4962
2845,2358
802,4402
2846,1952
803,3565
2847,2778
804,506
2848,1252
17,162
1553,1144
18,1651
1554,3467
19,762
2592,3887
2849,239
20,1438
1827,3791
2084,1041
1828,2994
2085,3147
1829,4745
1297,2443
1048,4180
2086,3613
805,4809
2850,3786
806,680
2087,3430
2593,2830
1049,667
1555,2364
21,2372
1830,4013
2089,1130
1831,3265
2090,2625
1556,653
22,1272
1557,3084
2851,4558
533,1160
280,3520
1558,494
23,388
1560,2581
24,177
1298,2115
25,1781
1561,4950
26,1267
1299,4280
2333,794
2594,1463
2852,3936
1832,4834
1050,1329
1300,3509
2595,328
2334,2756
27,3772
2596,4607
2336,3165
1562,3070
28,3504
2337,921
2597,3569
2853,4695
807,4879
281,3411
534,4095
282,424
1301,1851
283,702
535,3921
1051,3135
1833,3653
1052,4402
1302,4953
1053,746
808,2554
2854,1065
809,1895
2855,1524
810,86
1563,3647
2856,1542
2598,837
2338,2487
2599,2551
2339,2512
2600,1422
2340,913
29,2387
1054,227
284,1121
536,1364
2857,961
2091,3942
1834,3698
2092,312
1835,4375
2093,104
1564,1567
30,521
1565,989
31,2026
1566,193
32,430
1568,2685
33,4392
1569,410
1837,3353
2094,3536
537,3185
285,4921
538,983
1303,1367
1055,3007
1304,3492
286,3128
539,1544
287,982
1570,4709
2341,1923
288,4441
540,4626
811,2972
2095,2832
1057,320
1305,4736
2601,3808
1306,656
1571,1832
34,109
1572,4085
2342,3741
2096,2202
1838,3728
1839,4270
1307,4058
1058,541
2097,2177
1840,2245
1059,3265
1308,127
1060,4585
2098,3030
35,4775
1573,1700
289,4539
541,4976
290,4993
2858,4427
812,1908
36,2131
1574,3020
1309,428
1061,2977
1310,2436
2099,3774
1841,2872
2859,4868
813,2056
2860,3681
814,4584
542,2024
291,903
2861,3405
815,3934
2602,162
2343,2270
2862,4519
816,1020
2863,1475
543,2818
292,969
544,438
1062,4532
545,2923
1842,393
1063,4529
2344,2815
2604,4266
2345,3406
2605,4159
2346,960
2606,4207
1064,4828
1575,3108
2347,2746
2607,2349
293,3723
1065,1173
546,2285
294,3943
2100,4840
1843,1009
547,840
2608,3856
2348,4246
1311,1230
1066,4308
1844,4552
2101,1254
2864,1605
817,852
548,3552
818,387
1067,934
1312,4099
1313,4188
1068,2340
1314,1525
2350,1042
1845,4585
2609,4720
295,2116
549,4162
550,4106
1069,4243
2351,3194
2865,2518
1315,2784
1070,4903
2612,4160
2352,2255
2613,1311
297,3324
551,579
299,333
2866,1547
1316,1690
1071,4552
1317,4498
2867,723
819,2822
2353,3105
2614,4226
1072,4777
2615,1258
1846,2618
2102,3898
1318,3432
1847,3547
300,3888
552,3498
301,2510
2868,3921
820,4392
2869,310
302,3147
553,2269
1319,3864
2870,4674
821,4636
2871,959
2354,2237
1320,1810
822,4009
2872,3025
2355,1627
2616,1851
2356,1979
2617,3776
2357,3630
2618,2454
2358,3638
2619,2194
2359,1062
2620,3192
2360,3562
554,4545
303,4079
2873,1609
2361,4635
2621,4966
2362,3526
2622,766
2363,1127
2103,632
1848,1011
2104,2025
1849,1833
2105,1889
1850,339
1073,2483
1321,2264
1074,2335
2106,247
823,3720
1075,1120
1852,958
2364,2028
1853,1655
304,3956
2365,1163
2623,230
2366,1272
305,1293
555,2043
2367,662
2624,3839
824,3451
2368,3097
2626,346
306,4761
2627,1962
2369,4608
2628,2802
2370,2183
1077,1311
2107,3934
1854,468
2108,2492
1855,2277
2874,1833
825,4767
2875,1114
826,2874
37,130
827,78
556,1905
307,955
557,2319
1322,290
38,4213
1576,1405
558,2816
308,720
559,4093
1078,3924
828,3278
2876,3755
1079,1122
1856,2171
2109,142
1857,4354
2629,1413
1323,1262
2110,3446
1858,276
829,3061
2877,4827
560,2704
309,3328
2878,179
830,3497
2879,3991
1080,3340
1324,4331
1578,1703
1859,1110
2111,3932
39,360
1860,1649
1579,2187
40,2676
1580,1668
2112,2976
2630,2115
561,162
310,1659
2371,1897
2631,2387
2373,1899
2632,4039
2113,4220
1581,3304
562,1810
311,2784
2114,3584
1861,4917
2116,600
1862,4620
1325,997
1081,3279
1863,3839
2880,3317
1582,4002
41,3362
312,2699
1082,3703
563,3373
313,3512
564,947
314,738
2881,3321
2633,3352
2374,3287
2634,175
2375,3513
2636,3268
1327,2893
1083,2749
1328,4221
1084,624
2637,2015
2376,2628
2639,375
1583,1354
42,2637
315,3170
565,1686
316,612
1329,4587
1085,2707
566,4198
317,4118
43,1431
1864,4676
2117,4835
1584,4188
2640,3249
2377,3295
1332,1837
318,3126
567,435
319,3992
2641,4759
2378,2539
1086,1157
1585,2351
44,3989
1087,1491
1333,442
1088,2455
1334,1674
2882,2635
320,4015
45,2301
2883,3596
831,2226
2642,179
1335,2431
1090,3913
1336,4226
2884,4295
832,2286
2885,1179
1586,2679
46,3396
1587,3807
47,3437
2886,1143
2118,767
1865,3007
2379,4953
2643,4893
2380,954
2644,3819
2119,4381
2645,3445
2381,554
2646,2503
1337,1013
1091,4454
2120,2573
48,1275
1588,4213
1338,481
1093,1395
1589,3160
2382,112
321,2160
833,805
2887,1360
568,3041
322,1222
1094,91
1339,2685
2647,3262
2383,4467
2648,740
2384,910
1866,2303
2888,1432
834,1749
2889,2600
2649,914
2385,4007
2121,4877
2650,1609
2386,2898
323,1479
569,411
324,1878
570,4769
325,833
1867,2390
2122,4408
1868,1780
2123,152
1869,2677
2124,4658
1870,909
835,3930
2890,1269
836,2292
2891,136
2388,2374
1340,4539
1095,258
1871,2700
2125,2696
1341,2224
1096,3753
1342,4042
1097,61
2390,141
2652,4254
2391,250
2653,2221
2392,646
1872,3231
1343,3125
1098,3068
2892,4562
837,2042
2654,3959
2393,3635
1099,4017
1344,3993
2894,1837
838,3470
2895,4561
839,887
2126,2276
840,969
1590,4903
49,4598
1591,386
50,1944
2896,749
841,3541
51,1248
1100,3396
1346,917
1101,2466
1347,2114
1102,1153
842,3064
2897,1299
843,1241
2898,3225
844,4164
326,4514
1103,3488
1873,1159
1348,3794
571,2273
327,4476
1104,4133
1349,3822
1105,123
1593,301
2394,3924
2655,1491
1594,1279
52,2787
1595,4064
53,1682
328,2241
572,2479
1596,1469
1350,4398
1106,4156
1351,2275
1107,503
2899,3246
845,2709
2900,4443
329,3814
573,3381
330,3347
1597,3225
54,2799
2127,4983
1874,3260
2128,1950
1875,2481
574,4808
1598,1774
55,686
1599,3821
1352,1877
2656,4529
2396,1754
2129,4764
1108,3791
1353,4815
2397,3647
2657,641
846,170
2901,4088
1600,2959
56,2186
1601,406
331,2794
1602,4429
57,1540
575,226
333,435
576,2349
334,430
1355,2763
1109,1623
1356,1403
1876,2459
58,2322
577,4080
1879,1726
2902,4969
847,2633
335,2898
848,1731
1603,4927
59,1095
1604,237
2658,1274
1110,1212
1357,910
1111,4300
1358,1133
1112,2041
1359,1378
336,3143
578,4544
337,2984
849,3503
2903,3221
1606,2970
60,3133
1607,2910
62,3576
1608,708
63,4352
1610,3016
64,1011
2130,4913
1880,1892
850,1463
2904,3912
338,1066
1611,4456
65,3265
1612,140
2659,218
1881,1296
851,437
2907,2694
852,3025
341,3240
579,3515
1360,2225
1113,2345
1882,4364
2132,438
1115,3827
2908,3325
853,4151
2909,219
2133,293
1883,4916
2134,633
2911,1618
854,1216
2912,3602
1116,2591
2398,3161
2660,717
1117,4361
1361,3511
580,3327
66,225
1613,2316
1362,609
1118,4488
1363,1129
1119,398
1364,2495
1121,4783
1365,3264
2913,3247
855,4322
2914,2694
856,1188
1122,2934
1366,1582
1123,978
1368,3596
857,755
1614,1465
67,4665
1615,1668
1884,47
2135,2055
1885,285
2136,1556
1886,1486
2915,4778
858,4878
581,686
342,1406
1369,4389
1124,3106
1370,2373
2399,3035
2661,4601
2400,1489
1125,2186
1371,1635
1126,3548
2916,2161
859,3363
2917,4418
860,4091
2918,200
343,4915
1887,4117
2137,2562
1888,4756
344,2656
582,658
345,2670
583,2866
346,3390
1372,4964
1128,2369
1890,2280
1373,4916
1129,328
1374,1231
1616,1712
68,4734
1617,4593
69,4226
1619,1462
347,4310
1375,2807
1131,267
1376,691
348,2555
1620,769
70,4194
2662,3791
2401,2478
2663,4087
2402,1447
2664,3003
585,4794
1891,1600
71,3431
1622,3213
2138,3395
2919,2326
1132,2029
1377,2435
1892,779
2665,2157
586,137
349,2958
587,3045
2139,3884
1893,4055
2140,2368
588,502
350,3135
72,2222
1624,3958
73,3595
1625,683
74,2668
1626,283
2403,1474
2666,1419
2404,663
2667,1652
2405,1853
2669,3052
2406,3798
2671,4845
2407,1207
2672,307
2408,2267
2673,2780
75,1882
1133,4377
1378,664
1134,4012
76,1500
589,600
1894,4967
1135,4761
1379,1458
77,1256
1628,402
861,3528
2141,3244
862,1747
590,4838
351,812
1895,3113
352,2263
78,2257
1629,750
79,492
2920,1760
2409,339
2674,227
2410,4189
2675,4576
1136,647
1380,127
1137,3345
1381,115
354,464
591,3425
355,4254
2678,446
2411,1075
863,4301
1897,2004
2142,2809
1898,2611
2143,371
1900,4458
2144,4724
864,3718
2921,15
865,734
2922,831
1138,352
2145,872
1901,2435
2146,3260
1902,2911
2924,1964
866,2542
1903,2105
2147,2296
1904,3331
2925,3523
80,685
1631,4648
81,4520
1632,1514
1906,474
2148,4254
82,2706
1633,4783
83,1967
1382,3500
1139,4760
2149,4201
356,3771
593,1914
1909,3843
1383,164
2926,1977
2412,2024
1140,4776
2927,3594
867,3892
2679,3232
1384,2165
1634,4474
84,3722
1635,600
85,4716
1636,4353
87,101
1637,1861
1385,4937
1141,3093
1386,3504
1142,1851
357,4086
1910,3118
2150,411
1911,2689
594,144
88,504
1638,2890
2151,3457
1912,193
2152,2582
868,3751
2928,3822
869,4830
2929,4592
870,2145
595,1440
358,3520
596,2463
1387,4788
597,2294
1639,2856
2680,4708
2413,4292
89,2187
2414,2631
1913,4663
2153,1967
2681,186
2415,386
2682,3059
359,1658
598,1663
1388,3764
1145,3515
1389,1851
871,2179
2930,3079
2154,2138
1914,3407
873,1975
2931,3721
361,612
599,1397
874,3967
2932,2458
363,1277
2683,3825
2416,127
2684,2485
1640,3379
90,2789
2686,3542
2418,2692
2687,1441
1390,1275
1146,4271
1391,243
601,4631
365,4845
603,2902
1392,1263
1147,2943
1393,2912
91,4167
1641,141
1394,4465
2155,3455
2688,3078
1915,4649
2156,3562
1148,3894
1395,4573
2690,1666
92,472
1642,3564
2691,4163
1149,3734
875,1998
2933,109
876,4801
1150,4215
1398,4553
2158,2283
1916,1994
1643,2725
2159,4473
1917,4978
1644,1038
93,222
1399,868
1151,4372
2419,1741
1152,686
2160,3671
1918,934
2161,1935
1919,1446
2934,628
877,1712
2693,1735
2420,3648
2695,1989
2421,2495
2697,2222
2162,1180
1920,981
2163,1949
2422,2435
2698,4048
604,2174
366,52
605,2232
367,1134
878,2315
606,3875
368,1421
94,3868
1645,3442
1154,2288
1400,1791
1155,4704
1401,4971
879,4791
2935,1524
1402,2097
1921,1687
2164,1004
1404,1579
1922,2851
1405,2500
1646,3173
95,3426
2701,3048
2423,158
1156,2214
1407,3226
2165,2759
96,4520
2424,2690
1158,1483
880,1675
2936,3054
1408,2572
2937,4314
1160,2287
2425,3374
369,1481
1161,1276
1409,439
1162,2223
1410,4944
1164,1540
2702,4418
1924,970
2166,4918
1647,64
97,4939
1925,2833
2705,1218
2426,4337
1648,1086
98,2487
370,134
1649,2392
2938,1961
881,4811
2939,3257
882,2502
2940,2987
1926,209
2167,1238
1927,215
2168,2557
2706,479
2427,4185
371,4306
607,4564
372,1564
1411,2589
1165,3975
883,1284
2941,2976
2169,690
1928,2049
2170,2147
2942,182
1929,643
2171,1268
1930,2838
608,2362
373,2418
1650,4882
2428,2322
2944,1498
884,906
610,3296
1412,3762
1931,2271
2172,2756
1932,3805
2173,3171
99,4047
2707,4005
2430,441
2708,3448
2431,3279
611,4370
374,1000
613,470
375,3583
885,3935
2945,688
1933,2302
2174,1785
1414,4811
1166,949
2175,4499
1934,1019
1652,489
100,3769
1936,594
2176,87
1937,3628
2178,2891
1938,3840
614,4368
376,3116
615,4504
1167,4594
2946,2526
886,3308
2947,1841
888,252
1415,1627
1168,4872
616,513
102,4707
1653,4809
1416,886
1169,3877
889,2207
2948,3063
103,459
1654,4412
105,1278
1170,2254
2432,3298
2709,3196
2433,3618
2710,1256
1417,3651
1171,3652
1418,422
1172,362
890,1477
2949,3707
106,1830
1656,794
107,2747
617,3841
2951,3081
891,126
2952,2633
892,1605
2953,2289
2180,1956
1939,3157
893,4167
1940,448
2181,3275
1657,3016
2954,3354
2182,3807
1941,720
2184,1765
894,2108
2955,4005
618,4961
895,4602
1420,4077
619,1829
377,4711
2956,1253
896,4307
1174,4634
1422,2363
897,2865
2957,4937
898,4250
1175,3048
378,178
620,375
379,3638
900,3873
2960,993
901,3660
2961,3199
1176,2962
1423,3189
1177,1066
1424,248
2434,2521
2711,3577
1178,4806
1425,1654
108,423
1659,4816
1942,4578
1426,467
1180,119
110,3905
1660,90
111,3187
902,2550
2963,579
380,2625
113,2987
1661,1668
114,2896
903,3771
2964,4587
904,2979
2965,224
905,2722
2966,1029
906,468
2967,3763
621,934
2185,933
1943,4737
2186,700
907,2584
2968,3133
908,498
2970,3786
909,3372
2971,3067
1181,4455
622,2043
381,1165
2437,4269
1427,1251
382,3774
911,3358
2973,1095
912,2489
1945,2978
915,2059
2974,3033
2187,4754
1946,200
2188,4928
916,1031
2975,4409
1183,2713
1428,1775
918,3457
1429,2750
1184,318
1662,4674
115,3525
1663,3452
116,2588
1664,4748
117,3318
1185,4448
1430,646
1186,1290
919,3923
2976,4880
2438,992
2712,1990
2979,2496
920,3049
2980,3617
922,3052
383,4573
120,2045
1665,753
121,1200
384,3320
623,4213
385,1350
1667,2789
122,1523
1668,4814
123,3463
2981,2274
923,1724
2189,2668
1947,2140
2190,4513
924,984
2440,2993
925,4841
2714,4759
387,2440
624,4494
1187,4383
1432,3994
1188,2512
2715,1511
2441,2434
2716,45
1948,4931
2191,4199
1949,4167
2442,4965
2717,1466
1950,3473
1669,195
926,4044
388,4846
625,981
389,2580
1670,4167
124,1076
2982,4398
927,3871
1433,1013
928,2362
2983,4583
930,580
2985,3129
1434,2484
1189,497
1435,935
1190,2929
1437,834
1191,1568
2718,3582
2444,1458
2719,2520
2192,3449
1951,3163
2720,4746
1671,3915
931,1308
1439,4257
2986,4958
932,4803
626,2167
390,106
1441,4712
1192,2064
125,4182
935,2448
2988,957
1672,2739
126,3647
627,2668
391,256
629,2009
1442,2119
1193,4099
1443,1704
2989,3121
936,1227
2990,190
937,2082
392,3076
2991,4237
1444,1421
2193,3971
2992,4179
630,1786
2721,3179
2445,701
2722,3757
2446,2347
394,2221
631,2991
938,120
2994,1976
939,1987
2995,4063
395,2493
2996,3505
940,3473
2997,249
941,434
2998,2011
2447,3222
2723,592
2195,393
2448,2251
2724,2337
2196,3920
2449,4777
2726,725
2450,4624
2727,4123
2999,4854
1673,451
632,3167
396,3912
634,3909
397,4749
2197,430
1952,4837
2198,2011
1675,3178
127,4836
1676,4807
128,2713
1194,1458
129,3999
1677,4157
1445,4032
2199,2582
1953,2099
2200,1931
1954,338
2201,2190
1195,4217
1446,74
3000,186
942,4553
3001,2221
943,2628
1678,1604
131,4064
944,3876
1196,198
1447,3052
1197,961
1448,1040
2728,625
2451,3156
2729,2803
1955,3166
132,4516
1679,0
133,1689
945,2366
3002,1475
946,210
1957,4159
2203,531
1959,4852
399,3769
635,140
400,4743
636,4329
401,4609
2204,2744
1960,1086
637,4373
1198,1213
1449,964
2730,1644
2205,146
1961,4986
2206,3915
3004,573
1450,4457
1199,655
1680,230
134,4161
1681,231
1963,4301
2208,3299
1965,446
947,3392
135,1386
1682,3053
136,4451
2731,3072
2452,1051
1966,3442
2209,3198
1968,1721
2453,4049
2732,1512
2456,4629
402,4250
1969,2503
1683,4420
137,179
2733,1568
403,4141
1451,3780
1200,1232
2457,3335
2734,4147
2210,1459
1970,4675
948,1906
3005,2337
950,757
3006,3456
404,641
638,3781
951,3586
3008,4506
138,2866
1684,2630
139,3107
405,3452
1971,574
2211,2322
1201,3796
1452,1245
639,1754
2735,3503
1972,3051
1685,2202
141,175
1687,3780
142,1276
1688,195
143,1106
1689,1133
1202,4397
3010,4484
952,44
640,226
407,4868
1203,3550
3011,1537
1973,255
953,3995
3012,3862
408,449
641,4686
409,4733
3013,164
2736,3657
2459,527
410,2705
956,1730
1974,4513
2212,2145
1690,3840
3014,118
145,4251
1691,457
2460,699
1975,3767
2213,4283
1692,2622
147,3424
1693,2253
642,3240
411,1438
643,4197
412,756
1453,4404
1204,3618
1454,2972
3015,1073
957,4538
3017,2472
2214,4352
1977,4184
3018,1877
1978,4954
2215,1301
2461,3058
3019,27
1979,1772
2216,4575
1455,1496
1206,4246
1456,2448
2217,3917
2462,2039
962,2348
3020,3546
644,1092
413,4788
1208,4227
3021,4437
1457,810
1209,3287
3022,2433
2737,4556
963,2557
3023,4020
414,4772
1694,4600
148,565
1695,3871
645,964
415,975
964,4297
3024,3523
965,1342
1458,3112
416,4120
648,4062
1980,4006
2218,1792
3026,171
966,4038
3027,1160
649,1446
417,1166
650,4872
1210,4056
1460,3266
418,2366
1461,3322
1211,3504
2464,2968
1981,625
2219,3610
1464,2909
1212,3575
1214,2047
1696,4091
3028,2689
967,4941
3029,3034
968,3107
2465,4591
1982,3194
2220,115
3031,917
2467,151
419,3894
651,1033
420,1742
1697,628
149,973
2468,4617
2738,798
1466,2576
1215,3405
421,1824
3032,3647
425,3647
652,3945
1698,4874
150,1492
426,330
654,2593
427,1696
970,1352
2739,4863
152,4434
428,4153
3033,592
1467,3620
1216,3979
1468,3946
1217,4644
1469,3704
3036,2479
971,1010
3037,1920
1218,4142
1470,3774
1219,3862
3038,4675
972,134
3039,2765
1220,1176
2222,4870
1983,3138
974,3915
2740,3662
2225,3459
1984,3980
153,2758
1221,4545
1471,4862
1222,1489
1472,4027
1699,2293
975,3301
3040,1542
976,18
3041,1772
2227,156
1985,3890
2469,1648
2741,2747
2470,3125
2228,1142
1986,4856
2229,4519
2742,4981
2471,3533
1988,3985
2230,3405
2472,3375
431,1397
2231,4606
1989,2477
2232,1868
1700,1775
1223,2479
1473,3365
1701,4188
3042,2813
977,3630
655,3843
432,3681
657,1271
1702,3433
154,2243
1705,2003
155,3916
1476,375
433,3350
1706,38
156,1749
979,541
3043,4820
980,2765
2744,4619
2233,760
1990,3988
2234,2874
157,2362
1478,2837
2235,3829
1991,2329
3044,3582
982,3710
3045,2023
985,491
436,4468
659,2898
2473,4456
2745,4939
2474,231
3046,4391
986,1367
3047,59
987,3382
660,1525
158,2002
1992,4938
2236,2218
1993,4981
2237,2479
1994,593
2238,3931
1995,4456
1224,4269
440,1520
661,2307
2239,510
1996,1170
2240,2545
1707,761
160,1182
2242,3924
1997,1001
1708,3189
443,4782
663,3894
444,4015
665,4147
445,672
666,2906
988,1565
1999,1416
2244,1352
161,565
2246,4687
1479,3973
2475,1270
1480,584
1225,175
1481,1158
2476,430
447,1552
668,4195
2000,596
2247,2262
2001,4117
2248,3709
3055,3041
2748,647
2477,3225
2749,2890
2249,2498
2004,201
2250,1524
1226,3982
1482,1484
2478,590
2751,2450
2252,1493
2005,2097
3056,4750
990,3501
3057,2603
2253,1623
1709,3335
2752,3922
991,1088
3060,4830
992,1436
2254,2036
2006,1024
2480,3765
2256,2148
2753,861
2481,2905
2754,4832
2482,1737
2755,3747
2483,3358
2757,3293
448,2300
669,2580
3061,689
993,3335
3062,3661
2258,1769
2007,3535
994,3658
1484,1377
450,1273
670,2596
2484,4401
2760,3730
995,952
3064,2292
2008,2081
2260,4026
2485,2578
1710,4054
2261,1525
2010,2288
163,869
671,2928
452,4728
1485,4818
1227,3903
2761,2027
2486,3158
2762,3362
1228,4521
165,1731
1711,4392
2488,4882
1713,1250
1487,4758
672,3032
453,1687
166,2840
2489,3617
2264,230
2012,4052
167,805
1488,4026
1229,456
1490,4417
168,3768
1714,3620
169,2001
3065,2959
170,3241
454,2113
2265,257
2013,3334
2266,3848
1233,3940
1492,3913
673,3471
455,4186
674,4320
2014,4473
2267,1895
2015,4574
2268,3444
2764,2965
2490,1956
996,3290
2766,4994
2491,424
2767,3410
2016,3979
2269,4800
1494,3696
1234,207
3066,3442
1715,2109
172,575
1716,1619
2769,1513
2494,4939
3067,4762
2270,4291
675,4524
457,3601
676,3546
2770,3114
2497,2349
2772,3714
2017,4666
2273,4815
2018,4967
2276,3602
2019,4684
458,1864
678,2873
1717,2917
173,331
1718,2765
3068,4134
997,3835
2278,1296
1235,3560
1495,4184
2773,1295
174,1975
1719,3160
2020,3516
998,4592
3069,270
176,611
1720,2618
1236,4745
3070,1756
999,902
3071,4322
2774,4251
2499,2640
3073,2795
1001,58
1237,4220
1496,756
1238,3322
2501,3139
2775,1216
1239,307
1497,3631
2279,3882
679,1451
459,3348
1498,2860
1240,4168
3074,324
2280,4747
460,4741
1499,1236
1241,574
1501,3583
180,4563
1721,181
2504,4157
2777,2940
461,1394
3075,4039
2505,1252
2281,4702
1002,2446
2021,859
2506,3574
2779,3455
1722,3578
183,3905
2507,3289
3076,3712
1723,4219
2508,4190
2782,2281
2509,4122
3077,2519
2783,199
2511,1039
1725,3296
185,1083
2513,4629
2785,4403
2514,137
2786,4305
1726,4973
3078,3293
2022,3921
2788,3779
1727,3385
187,970
2515,4169
680,3204
1504,2715
1242,4796
681,4152
1243,1535
1505,3392
2790,119
2023,3509
2282,1000
2283,2704
2791,1059
2516,3804
2792,3027
1506,4513
1244,3149
1507,963
462,1009
1728,416
188,4786
1003,3906
3079,3741
1245,2611
1729,2272
189,3850
2517,4033
463,2310
1005,4619
2284,330
2025,3308
2285,1787
682,3722
464,4203
684,3689
2027,4281
2288,465
1508,2431
1246,3939
1006,1030
1509,3848
2519,4988
2793,693
2522,4045
1247,4499
466,2628
687,2797
1730,1916
191,4249
2030,2276
2290,1863
2031,3597
2291,3543
2032,209
691,3107
1510,4551
1248,2929
1511,4199
1249,594
2794,853
1251,3986
1515,4150
2523,4607
2795,4323
1007,3976
3080,490
2294,4840
2033,2521
2295,357
1516,2038
1255,2977
2524,959
2796,584
1517,53
2525,237
2798,4652
692,3563
469,250
694,4492
1008,4437
3081,3828
470,3375
2034,4040
2297,3600
2035,2366
1012,243
3082,868
2526,4489
2799,2030
2037,4045
1257,3652
1518,1746
3083,899
695,1928
3084,1136
1014,3518
1015,4062
3085,784
1259,391
2527,1718
2800,4996
1260,1553
3086,3957
1016,1279
696,3750
2528,3955
697,3411
1261,817
1519,3087
2038,2323
1017,1973
2041,3380
471,1843
2529,4214
192,2040
2298,3198
2042,3246
1018,3404
3088,103
1019,3324
3089,2719
1020,1902
2801,1441
2530,1300
473,1552
698,4687
475,4630
1263,3105
1520,4121
701,4431
476,2126
2531,1128
2804,3973
2532,4873
3090,2326
2533,318
1521,3408
1264,3639
1522,3289
2806,2410
2534,4467
1731,4335
2535,3587
2808,808
703,680
1021,710
3091,4760
1265,2903
1526,1407
2809,4488
2299,1864
704,4151
1022,4667
2044,1255
1732,728
194,4300
1733,3276
2810,3883
2536,3781
2811,4245
1734,2084
1527,1365
1267,4622
2046,719
1270,3822
196,3788
1735,1706
477,3362
705,1495
1528,4478
3092,1658
3329,769
1529,505
2812,4057
2537,2175
1530,2846
1736,3752
197,3780
1737,4038
1271,4785
1531,1757
3330,2971
3094,4916
478,4097
706,2429
479,3175
3095,3921
482,4733
707,4070
1532,3667
2813,1795
1738,1577
201,4521
2814,4957
2538,4460
202,4403
1739,810
203,575
709,4757
483,1690
711,4084
2302,361
1533,4559
1277,970
3585,1535
3841,333
2539,3373
204,1101
1740,1835
3096,86
1534,618
4355,4018
484,1969
712,3524
485,3552
713,3670
486,3890
3332,298
3842,4617
4356,2089
4608,4472
4357,1825
205,3695
1743,3991
3586,1616
3098,3255
3333,3628
3099,2001
4096,3134
4611,373
714,2032
487,3744
715,4010
3100,2603
3336,2194
3101,4152
3337,3351
3102,4939
4098,87
3588,4113
4100,4693
2540,415
3844,4726
2541,4917
3338,3610
3103,1378
3845,4065
2542,3620
4101,3629
3589,4365
4102,2253
3339,3179
3104,4020
716,4544
488,3305
4358,4148
4612,3029
4359,4907
3105,3548
3341,4643
1744,3563
206,4640
3342,2600
3109,3478
718,1592
4613,3676
3846,1962
2543,4358
3343,3485
3110,1008
721,877
490,1976
3344,1688
722,2656
491,3728
4614,10
4360,3063
4615,511
3346,2655
3111,2567
2544,3125
3847,1209
2546,4479
4616,4981
4361,3355
2547,4067
3848,4236
2548,4117
3849,4517
492,2305
724,2840
493,2059
726,4256
4618,1945
4362,9
3850,969
2549,2179
3851,742
2551,4993
208,4839
1745,3625
4103,1746
3590,2714
4104,4488
210,3654
1747,4581
211,3307
4105,3368
727,3812
3852,743
2552,2575
728,1489
3591,4095
4363,2425
495,1274
729,4988
4106,4762
3592,3676
4107,3915
496,3223
730,2686
4108,3048
3593,1673
4109,3197
3349,4465
3114,1365
3853,4515
2553,3655
731,1317
499,3952
2555,4657
3854,227
2556,3313
3855,979
3596,3194
4110,2614
3115,1461
3352,4510
733,3260
500,3376
735,3266
4111,295
4621,1833
1748,4548
212,3934
3598,2811
4112,115
3599,4662
4114,2758
4366,1772
4623,1608
501,425
3353,3405
3117,2214
502,4078
736,2969
3857,1529
2559,4670
3858,3373
3355,3286
1750,4944
3118,4817
3356,3645
3119,4100
3600,4619
4115,4177
3120,4001
3357,3625
3859,2994
4864,998
3860,3466
213,321
503,2785
737,0
3359,3007
506,2361
4116,93
3604,1064
4119,2256
3605,3397
507,3647
4865,3523
3861,238
4625,3147
4367,3139
3360,4431
3122,3926
3606,2687
3123,4958
3361,4151
1751,1117
3607,3499
1752,1907
508,4750
739,671
3362,4203
3124,4
3364,4823
3125,177
4626,4238
4369,4149
4627,3265
4371,2956
214,3423
4374,3548
3366,722
3127,3710
4866,483
3862,518
4867,3749
509,3965
741,351
511,2058
743,521
216,2629
1755,925
217,1850
4871,372
3863,2429
4873,2028
3367,2479
3128,1811
3368,4211
218,3252
1758,269
3608,3475
4123,4657
3609,1124
4124,4564
3610,2487
4375,3194
744,581
3864,4033
4874,4761
3865,3184
4875,4006
3866,4428
1759,3532
219,4280
4376,435
4628,72
3867,4072
4876,3371
4378,1614
3130,3185
3369,3204
4125,4287
3611,3324
4126,4074
3612,3532
4127,2554
3613,2882
4128,3597
3614,1613
1761,4229
220,4583
1762,4792
3615,4974
4379,169
4631,3959
4380,4014
221,1123
3370,555
745,4024
3869,4879
4878,4753
3870,4089
4879,3260
3872,3733
4881,2114
3873,2164
3131,3524
3371,4450
3132,4194
1763,2143
3874,795
3377,4402
3136,1188
3378,1749
1764,590
4882,587
3876,4805
3137,2627
3379,624
3878,1046
4883,684
3140,70
4632,3208
746,4527
3141,3481
747,689
3380,3654
223,600
4129,979
3616,4497
4884,32
3879,541
3619,1027
4130,4400
3622,4423
4131,2501
3623,4121
4885,4235
3880,3384
4886,3174
3881,4286
3382,2162
3882,4368
4887,3189
3884,351
748,4793
4633,4421
4382,3456
751,3731
4132,4722
3383,2064
3142,1749
4135,4832
3624,1830
3885,2460
4888,2939
3886,3295
4136,3058
3626,4503
4137,3539
3627,4819
4138,914
4889,4496
752,1581
3144,3989
4637,4432
754,1832
228,488
3384,4906
3630,3171
4384,1653
757,4950
4385,1581
3632,391
4386,3615
4638,1473
758,4422
4639,4967
3887,3771
4890,2692
3889,3474
4641,3328
4387,52
4642,2997
1766,4695
229,3656
4388,2483
4139,1761
3633,3827
3386,4584
3145,3413
3387,3736
3146,2051
3388,1861
1767,3463
232,2348
4644,1500
4390,3175
3634,4986
4140,2998
3636,4486
4645,3286
3389,3531
4393,4400
4646,3106
4394,4024
759,1864
1768,4904
233,4404
3637,4553
4142,44
760,3868
4143,3255
3639,3670
4144,1924
234,2840
3391,4304
761,1424
4891,719
763,4851
3393,1559
3148,2383
3394,193
3640,1608
764,2304
4892,4165
3149,3426
3641,1184
4894,190
3891,1415
4895,3767
4647,1976
4395,911
4649,2857
4396,1378
4650,456
1769,4414
235,1718
1770,4788
236,3489
3893,3255
4896,4856
240,4926
1771,1173
4897,2513
241,4616
4898,4991
765,2729
3642,596
3398,4575
3150,685
3643,4566
4145,3304
4651,3530
4399,544
4147,4438
3644,4815
4652,2131
3646,3172
1774,2698
3895,3075
3399,879
3151,3112
3649,2024
4152,4750
3650,42
4154,4661
3400,1591
3655,3886
4155,845
3152,2124
3401,2072
3153,2829
3896,1453
3402,2789
1776,2020
242,2864
3403,152
3154,2663
244,4515
1777,4241
3155,3456
3406,4661
3897,4747
4405,2773
4899,3384
3899,2624
4900,3473
3900,4412
4158,1132
3659,4189
4901,4885
3158,1086
3409,4377
3159,4323
4406,4950
4159,4840
3661,4656
1778,1978
245,4908
3662,4785
4161,2096
3663,3500
3160,3689
3410,4424
4653,3571
246,1027
1779,1826
3162,1139
3412,3766
3163,4852
3901,1697
3164,4042
3413,2649
248,4493
4902,712
4165,1308
3167,486
3414,3207
1780,4988
3902,859
4905,906
3903,237
251,4331
3415,3680
4908,448
3904,4677
4909,2253
3905,3583
4910,3311
4407,4979
4654,399
3907,2081
3416,4316
3168,4566
3417,159
4166,3371
3664,337
253,377
3908,3388
3169,11
4410,3777
3170,4260
3418,4515
3171,4597
4911,1857
3909,4206
4912,3639
3176,4692
4411,2964
4655,2353
1781,3265
4658,3482
4412,3487
3177,4039
1782,4935
3180,4512
3419,2357
3181,1323
3420,2008
3665,3025
4169,949
3666,3209
4659,4855
4413,1049
4660,4180
4415,4588
4663,4878
4416,3557
4664,4359
3421,3625
3910,2801
4914,4891
4417,2461
4666,4986
1783,3135
254,4474
4419,1005
3182,3875
3422,3362
3183,2036
255,4551
3668,50
4668,1086
1784,4630
3184,1130
3425,4974
4669,374
4421,3749
4671,3301
4422,3742
3669,3733
4170,3602
1785,4661
4423,4526
1786,3139
4425,2995
3672,4532
4171,4303
3673,3755
4426,3822
4672,2360
1788,1348
4172,1460
3674,1361
4173,4270
3675,4117
1789,4451
4174,1567
1790,3515
4175,1967
3677,3212
4176,4524
4673,4279
4430,4518
4915,2731
3678,189
3911,3398
3682,2287
4177,3679
3427,3464
3685,2829
4178,1444
4919,307
3186,1819
4433,1207
3686,4375
4179,33
3687,2289
4181,3270
4677,4346
4435,4027
3428,3177
4436,1362
4679,2709
4183,4354
4680,677
4439,2090
4187,4933
3688,1109
4681,1039
3690,1273
3914,4975
4920,4424
4440,189
3917,4481
4921,2875
3918,3712
4922,2662
3429,4227
3691,4600
4189,4437
3692,723
4191,3776
3693,757
3188,912
3431,2844
4441,3478
4682,3795
3190,3284
3432,909
3919,2731
3433,2815
3191,3734
3434,3552
3694,712
4192,4608
3192,3489
4683,3552
3435,3635
4923,1171
3925,2579
4924,2692
3436,231
4442,4308
4684,4156
4443,2619
3697,4011
4193,4232
3438,1336
3698,4553
4197,4951
3439,1200
3193,1612
4685,835
3928,3021
3195,4818
3929,3207
4198,3244
3699,3829
3197,4141
4925,2516
3932,4533
3200,886
3440,3654
3933,3724
4926,865
3201,3675
3441,3954
4928,4296
3936,2105
3443,3827
4444,420
4688,4451
3444,1126
4200,197
3700,3631
4445,4858
3701,1069
4446,190
3937,3374
4929,4688
3938,3561
3445,1383
3941,3315
3447,4808
3202,1312
3943,4488
3448,491
4932,3277
3449,4743
3203,2502
4201,1668
3204,4798
3944,3979
4933,3772
3945,1015
4934,3826
4689,4848
4447,2660
4202,1729
4449,3740
3946,868
3450,2550
3947,2699
4935,1276
3453,1080
3205,565
4936,601
4452,3986
4690,436
4453,4271
4691,3733
4204,4713
4694,1648
4455,514
3702,1048
4205,4970
4696,3734
4206,2931
3703,4957
4207,2349
3704,4571
4459,3142
3454,4288
3206,2605
4697,761
4461,2237
3209,1534
3458,3995
3948,3814
4698,2589
3949,4400
4699,1495
4463,2007
3460,4554
3210,4386
3461,2512
4700,3627
3462,3359
4701,1064
3211,1005
3705,1323
3213,2
4938,3370
3950,1182
4464,4853
3214,3809
4702,4534
3465,451
3215,2937
3951,62
4703,4269
4940,2955
4466,620
3706,1571
4208,548
4941,3515
3952,812
4942,4974
3953,3279
4943,4477
3954,3341
4944,4203
3707,159
4209,2080
3708,1791
4210,1738
3216,2141
4211,3832
3955,3076
4467,3983
3711,3734
4215,1584
3956,734
4945,2903
3468,3937
3217,4657
3469,4726
4216,2549
3713,830
4704,3932
4468,998
3715,4481
4946,109
3957,4480
4705,4172
4469,3292
4706,265
3716,3572
4218,3998
4947,995
3960,1179
3218,4161
3717,3794
3470,1817
3219,4318
3472,4883
4948,824
3719,2506
4219,4624
3720,4800
4470,4663
4708,2364
3220,1111
3476,3643
4949,2782
3961,1160
3222,2337
4951,4738
3962,4638
4952,3936
3224,4315
4953,3549
3227,3225
3963,725
3725,78
4709,464
4955,2136
3964,4023
3726,255
4223,1204
3228,2308
3477,3395
4224,2367
4956,789
3965,4016
4471,370
4959,4015
3479,4821
3229,4786
4960,296
3966,2583
4710,1837
4963,3972
4225,4277
3481,1105
3230,1756
4964,4259
4475,398
4713,3231
3482,1004
3231,3979
4228,746
4966,236
3967,2052
3483,2326
3233,1550
3727,4859
3484,3057
4482,3430
4714,2927
3486,4250
3968,639
4968,2022
3490,10
3234,2024
4715,620
4483,3985
3728,3292
4230,4072
4485,641
3969,2982
3729,1324
3970,4414
3730,1232
4231,1339
3732,2716
4232,3642
3491,4568
4970,3889
3971,1989
4233,1103
3735,3265
4486,3032
4717,399
4971,1975
3977,4843
4972,4670
3235,693
3980,3880
3736,2726
4977,243
4234,925
3737,2666
3981,3890
3738,3684
4978,2368
4718,4238
4487,4852
3984,484
4239,2069
4980,1474
3236,4577
3493,1600
3237,3995
4240,154
3739,4073
4719,1987
4490,2166
4721,3571
3985,3822
4982,2335
4241,2816
3742,3624
3239,581
3494,1044
4984,3138
3743,3524
4242,3747
3744,2924
4985,41
4244,4854
4987,491
4247,3500
3745,4132
4989,582
3987,3397
4248,777
3242,95
3495,3291
4249,3225
3746,674
3243,756
3496,3187
4990,3432
3246,4857
4991,2568
4252,3544
3248,2833
3502,1010
3748,2330
4253,4524
4491,2994
4255,530
3990,923
4992,3309
3503,3816
3250,4080
3996,3289
4492,3061
3750,4321
4258,3737
3997,4562
4494,4648
4000,2364
3505,4076
3251,1664
4722,2366
4495,2732
4723,4502
4002,4824
3506,2083
3253,4023
3507,3839
4724,1287
4500,1449
3508,3761
4501,1514
3754,915
4260,3808
3254,2105
3755,3712
4725,2258
3756,1577
4502,4213
3757,1548
4261,1650
3256,868
3510,2699
3758,1127
4504,117
4727,851
3514,3804
4729,568
3259,705
4003,4579
4995,3576
4004,3704
4996,2651
4262,1592
4505,2538
4730,2628
4507,3966
4731,2439
3759,4256
4263,2376
3760,4345
4264,981
4732,4823
4508,343
3261,193
4997,4740
4735,2589
3517,4779
3262,4846
4265,4276
4998,212
4008,3852
3263,4918
4999,541
4267,2876
4010,395
3519,1441
3267,1964
4268,4812
3268,4585
4739,4780
4510,3778
3761,4740
4511,4074
4742,4905
3521,3535
3269,4627
3522,3852
4272,3830
4744,572
4011,1031
4273,2223
3524,3672
3271,3310
4017,4292
3272,3583
4520,4293
4749,3778
3273,4821
4274,688
3765,4818
4275,3009
4522,2169
4750,4796
4019,1962
4523,430
3766,4305
4276,151
4020,957
4524,3692
4021,4773
4751,4887
3274,4530
3526,4312
4752,2043
4525,4245
4753,3381
4022,4310
4755,2779
4277,3898
3770,3575
4278,4713
3527,4134
3275,1648
3773,3292
4756,193
3775,2363
4759,634
3529,1667
3277,4337
4279,4565
3782,662
3278,1068
3531,4786
4282,1449
4528,4551
3783,4489
4761,2304
3784,1968
4284,1192
4763,1076
3280,3867
4285,117
4764,3755
3281,4997
4765,3408
3785,2738
4286,1748
4530,3629
4766,3580
3534,4042
3282,4039
4023,1224
3787,2533
4288,1359
3285,3871
4767,4323
4024,3179
4531,3451
4768,4550
3537,407
3286,1483
4025,4749
4535,2362
4769,747
4536,4547
4770,125
4289,239
4771,3107
3288,4854
4774,886
4537,1196
4028,3570
3289,3267
3789,2664
3290,4066
4540,137
4777,755
4541,3739
4029,872
3538,2446
3294,629
4290,3024
3790,1409
3297,4968
4542,4648
4779,932
4543,2866
4030,1750
4294,1041
3792,2380
4546,1315
4031,1711
3540,213
3299,560
3541,2682
4298,4467
3793,4325
4034,3443
3794,2473
3300,4069
4035,401
4547,160
4781,4619
4036,4817
4782,4351
4549,1222
4037,4984
3303,4624
3545,2498
4550,399
4784,2982
4299,1442
3797,4270
4787,3613
3798,1520
4041,617
4302,2341
4555,4696
4789,65
3799,1808
4790,796
4304,4231
3800,650
4793,327
3546,1130
3305,464
4309,1808
3801,4976
3306,2858
4043,4434
3550,2099
4044,2337
4557,4323
4046,4040
3802,1763
4560,1745
3551,2661
4795,4551
4563,4571
3553,4412
4797,70
3309,1731
4799,699
4567,3930
3803,2087
4801,1862
4569,7
3554,3812
4570,3456
4802,494
4571,2940
4050,1449
3310,4933
4310,383
3806,1290
4806,1122
4572,3451
4311,3778
3810,2509
4807,4699
4313,4074
3312,4231
4810,1737
4053,3179
3811,1669
4315,4121
3313,1839
3555,3778
3812,2329
3556,1270
4580,4068
4813,3267
4055,2799
4582,1833
3558,3783
3314,238
3559,4169
4818,4243
4583,688
4819,4830
3319,3530
4586,612
4820,3475
4059,3103
3566,2547
3320,531
4060,463
4821,1544
4589,4107
4317,3799
3813,4242
4822,690
4061,4648
4590,1427
3322,734
3567,672
3323,2431
4065,4356
4593,2166
4823,4629
4594,4552
3568,2504
4067,115
3815,1695
4319,417
4595,2223
4825,1365
3570,256
3817,2031
3572,942
3818,3215
4071,3478
3325,2774
4322,375
4826,1738
3819,4666
4324,954
3326,378
4596,521
3573,342
4599,2969
4829,3821
3820,2589
4072,3531
4326,4332
4831,2372
4604,2691
4327,3156
4835,762
3574,2873
3823,1429
4328,1276
4073,3672
3577,2881
4842,1472
4605,1549
4843,585
3824,2096
4329,4053
3578,2407
4844,596
3579,4092
4075,3342
4847,4326
3580,2781
4848,4089
4081,2004
4849,3677
4082,3523
3581,1603
4850,2761
3830,1968
3831,4930
4855,3446
4083,1616
4330,4287
4859,3127
4332,701
4085,3106
4860,4664
4333,4371
4861,4973
3833,1106
4089,479
3834,3165
4334,1811
4090,2727
3836,4163
3837,4705
4338,1603
3838,2209
4095,3078
4339,3610
4340,785
4341,708
4342,2673
4343,4066
4344,3005
4347,3077
4348,4217
4349,347
4350,3916
4351,2202
332,2874
772,2479
1036,3511
504,2034
2026,4823
353,4386
1102,1954
74,1253
2199,3397
2320,4541
1260,385
2588,3863
1042,3495
2590,4154
2074,1254
2836,3420
1565,3628
2703,1022
2077,2638
2771,3097
1205,3926
1306,2016
850,264
328,3267
2778,2131
2346,970
1252,1326
1843,4840
1354,159
2093,1204
162,3085
2854,4431
2352,2404
1011,3675
2101,4950
788,1431
1025,2431
958,3937
1594,1166
1230,3189
2864,4053
61,4040
1258,4255
360,837
1851,19
2106,4462
1163,4848
2454,2995
1159,2572
406,4133
2865,1956
766,2648
2183,3492
767,3121
2264,378
839,672
792,575
1899,3237
888,2324
1333,620
978,4014
959,3998
1886,3848
2629,778
481,352
2115,4891
2387,1158
2134,4573
1896,4776
1621,4465
908,2131
130,1237
2382,4171
1143,2500
683,4629
1905,4691
175,2001
108,4872
1906,4018
702,646
2587,1164
775,2789
1438,4818
2384,316
524,4325
750,4596
2648,3225
1083,608
2389,3939
621,4603
941,2805
1327,153
2391,2975
2896,732
1860,658
1189,2225
449,1076
702,283
1927,1527
2171,3613
2906,4837
2658,3426
1303,4320
1541,1525
2005,2205
1607,132
1231,3219
2911,229
1765,64
2907,4366
472,1562
2157,2209
2161,3786
2185,4593
2405,2666
738,945
144,1075
753,4271
2186,2673
1275,3053
1198,3034
149,957
1334,2116
339,1324
200,3725
308,4095
324,3211
1075,2281
2667,3343
1397,659
2670,3722
1136,4510
1234,3349
1578,3888
983,1991
1904,3828
984,974
3087,523
298,4147
1356,1436
513,484
2013,745
2921,1240
2520,3171
2676,545
1741,473
1280,2830
1250,1324
1278,4579
1418,4550
1869,1254
3092,99
2678,3516
1462,4048
1998,2996
3093,4478
710,3649
3335,1023
2690,4579
1739,1724
1028,4971
2002,1497
1426,321
2207,2446
1535,1070
1575,2323
2125,1651
225,2116
2226,1361
655,4870
1137,4523
1459,3372
2430,1584
1087,1687
3287,346
2535,4408
1907,4279
2700,4250
43,1687
545,3551
3851,4138
3347,1836
1901,3742
1341,2701
209,1287
1757,390
1256,169
1310,393
1895,4972
451,3051
800,3125
2040,2131
3134,4049
1773,2510
510,2789
3350,686
2674,1830
73,3723
3856,1153
3337,3720
478,2716
2458,1831
120,161
1428,1047
457,1964
3116,3305
1183,3946
3607,3996
1337,3273
2443,4917
1840,234
1529,386
3324,1345
1214,1729
63,3798
2176,225
1636,479
2252,494
2448,4968
595,3172
1759,4018
2954,3772
3858,3049
1958,2309
2455,2710
2066,3112
3860,1235
1130,4203
4472,3267
238,1837
274,1874
3617,3568
2472,942
2429,1540
2935,2920
1027,3103
4609,293
3868,4824
3376,630
2462,4548
2262,4439
2725,137
3121,1164
4148,3868
4610,955
1931,730
182,3414
3815,3632
1180,2805
1477,4477
1714,159
1193,4170
362,700
3129,3264
1746,455
275,4302
3621,4512
3034,752
2948,2468
1101,251
2275,4517
2958,4868
4613,2605
3974,456
3385,4726
2610,4758
2425,2381
4614,2925
75,2702
2058,2105
3589,4424
1523,4188
2393,4912
1220,2994
1945,1736
2501,3514
1381,1177
2965,1317
379,1282
3133,4917
2743,3537
2626,1451
4113,1689
3143,1774
2747,424
606,3032
264,1441
2972,3173
80,2503
1855,1621
2756,159
424,3187
947,1246
1169,1003
1787,3403
2492,3027
1255,3894
222,4175
2810,464
1100,1241
3882,658
3356,2740
2929,90
4118,2182
2759,2953
2319,990
1044,560
2496,1967
3655,2203
1783,367
2420,4194
291,840
2495,3518
2286,4838
4122,2462
2274,1275
3404,2041
1405,3792
2288,1625
3653,2084
4369,218
1267,2635
2412,4415
4082,1124
1608,3644
4370,1281
4624,3064
387,212
4127,4858
2293,418
4128,4693
1417,3048
3157,4346
1355,1556
593,78
1415,212
3000,2538
1104,428
3001,3156
3892,327
281,4346
1938,4161
210,1477
1148,4906
2545,268
2170,4077
1475,49
4134,1349
214,2979
4372,3799
3424,4423
637,4516
4625,4403
3539,3535
4421,4159
3657,1292
2557,1040
2303,1421
2558,1273
3839,4403
3194,1052
4630,1743
859,1062
2815,1268
333,1001
1610,1659
3658,1903
4632,872
1689,1542
231,2633
237,3536
2998,3178
3161,3957
2768,3634
3906,4172
47,495
1513,1571
3166,590
2783,3983
2036,1419
537,321
1819,1977
635,1734
517,258
687,389
2961,1547
1614,2995
2803,4153
882,911
4634,6
2119,2874
2361,4488
2818,2209
4383,4875
565,2577
171,2387
4636,690
3660,2250
403,3410
2689,4069
2081,2088
1375,1863
2787,2335
496,2009
4868,243
1369,1616
4637,3551
2080,1683
2984,151
2697,4758
3098,4741
3365,923
3226,1080
852,583
3030,3504
970,575
2679,4297
3046,1736
2819,3677
4146,1686
3667,3213
396,1145
3668,1725
1567,1042
592,3704
902,1967
650,4515
1515,4784
3035,3353
693,189
4640,4344
1711,2273
2527,2580
1152,2830
1663,70
1090,1987
309,3327
3511,2619
2151,2182
2196,851
3459,2493
642,583
1753,3079
331,1611
170,1915
2752,4647
4024,2871
756,255
3136,3952
3358,504
2997,4960
1378,4467
3954,1348
4397,1857
4644,2026
2913,4482
1555,4709
3249,3679
3680,1521
4474,1769
544,4481
1481,3081
4130,789
4450,4815
432,3721
2121,4707
1055,4958
1972,1228
3258,4660
4158,3877
3106,2637
4753,1385
1029,1908
919,1798
4879,2600
1447,2704
2612,2732
3464,2942
3924,3721
549,3174
1733,3369
844,2939
4401,184
1828,2227
3377,555
2976,3774
2953,2426
2114,3485
2936,3261
2327,552
3467,970
4648,106
1453,2330
2857,3884
3695,1135
3471,1173
913,3010
1229,2113
2975,1540
5,2781
2292,4886
3283,4780
2238,4841
3190,4951
1949,2821
3444,2189
3509,1883
3696,4429
3661,2495
3777,4197
4883,1258
610,3622
2476,659
4170,1552
3631,4513
3487,2725
3298,1903
3724,4441
3395,2665
1421,2011
4123,407
1813,1052
3935,4376
2833,2599
1323,628
1105,2446
3938,1398
1791,490
2326,740
1233,1311
4181,514
1004,964
4887,3699
2248,3121
2308,646
4496,3644
3317,3622
830,2535
2427,2819
1001,225
3315,1967
532,1362
3942,4892
4186,3348
667,2847
4180,2500
1308,2497
4661,4746
4416,3850
3714,4976
2461,2246
3599,4321
2643,4614
580,1721
3493,4622
312,3936
1683,2400
3814,4995
67,1071
4190,2683
864,2616
2990,1109
2995,3119
3776,3210
1858,3596
2858,2405
3958,1964
3291,4027
374,2
4195,3320
1179,695
4896,4907
4196,515
3301,4159
4428,2760
3562,3975
4900,4575
2870,979
4429,3094
2287,1271
1970,1232
4198,1938
2726,791
1511,3223
4433,4382
971,3575
639,4444
4676,891
4436,2026
3504,1196
4677,3445
1479,3601
3368,3424
2873,4852
4235,4420
3512,4880
3524,585
1165,3876
4437,1570
2709,4588
3976,2729
2834,2026
2090,2226
4903,1976
293,3158
2529,2705
1768,1269
2052,1228
280,1606
1985,886
4742,1510
1039,3804
2300,4852
3795,4025
717,42
3434,4533
861,1748
1226,3517
4156,1920
2179,683
1200,1527
2253,298
1185,2116
4910,283
3731,2254
3397,3773
4354,2619
1328,3293
1990,2998
4222,3452
2471,1533
923,4161
2301,4631
2433,4785
3740,1660
3930,3831
2367,521
404,3568
713,2688
1743,688
1826,1649
3992,3335
2686,479
2614,3409
2291,2631
1208,4468
4687,4375
4454,192
4229,1851
1344,4752
3733,1594
2130,2016
3488,3133
3741,4392
4456,1952
719,504
2991,3721
1450,2024
3176,604
1432,1920
2330,1383
2731,2523
1900,1568
4916,4593
3753,4739
154,2203
774,4600
2755,3126
2166,3219
2249,139
129,3028
1412,893
4462,194
12,4588
4100,2651
4001,981
3547,484
1766,2153
1382,4747
1149,420
2007,3963
2875,293
248,3154
4007,1053
784,4235
1628,3884
4009,2024
4473,1035
1224,20
2774,2025
3563,1667
4533,2089
3544,4064
3652,2614
398,2678
2148,1817
3763,1457
4924,700
2776,559
3564,650
1460,3608
2546,452
2843,1682
1238,2740
1388,1179
377,1223
3957,1381
168,1203
3565,988
4019,3063
4257,446
1212,886
1603,2808
4712,4838
1270,950
2260,4028
2601,4063
3569,4254
4296,103
872,1634
4451,3599
342,3839
1445,4998
13,1026
2517,2421
126,2309
4713,2082
2788,1071
2604,433
3783,3205
638,3602
3797,2257
4930,2650
3594,2757
4931,863
181,2969
4716,1978
3772,2500
2970,3449
4626,3109
2842,3402
4497,4422
3826,2129
3827,4529
1276,4776
2881,4252
2305,1127
2609,1959
151,461
4631,4245
2718,2515
196,456
3075,600
2175,979
3003,321
4721,3286
4277,2014
1409,1793
4042,179
1464,720
1514,4447
418,2591
4939,4464
1706,3566
3626,3197
3796,2596
2707,525
3008,1067
4283,179
2037,3843
3050,3446
1192,1544
3221,1218
4726,2109
1932,1687
4047,1890
3055,3406
1033,4644
3807,4649
3431,60
943,2764
34,4354
4514,3208
1408,3109
824,4472
4052,4992
2439,4952
2281,4575
3809,1965
4733,2451
4289,4818
3811,4746
1710,2708
4953,3769
132,3453
2589,4917
2270,909
1305,1377
4517,3825
2413,262
1556,1704
3816,3828
1210,2673
4430,802
4057,2219
1147,1446
4058,3568
4745,347
2884,4984
1429,4798
2814,1419
4747,4320
4519,1138
4064,3637
1057,2638
1111,2421
1822,1570
1664,3997
1288,658
4520,3238
1534,194
707,4629
4025,4377
4081,164
801,1134
4302,3799
723,4754
4171,3236
2779,3931
3972,2738
2336,1156
4527,1262
588,3013
1566,1959
1372,3811
3835,3106
3766,3624
303,3880
3838,955
371,1004
3629,1340
4757,1497
896,2985
4965,2655
4080,800
3162,2986
236,1044
4020,1879
1894,403
3067,3871
1616,1267
3818,20
4084,1579
603,1961
1076,2403
578,3797
3416,2910
2295,4003
3799,4907
1315,3048
3076,3889
2901,106
3950,1952
4318,2290
4323,2668
3889,3076
1696,3188
399,1674
873,106
3061,2987
1726,3035
4182,4759
3615,3475
4125,2170
4772,2631
4975,3876
4092,1240
3417,2519
4554,4174
4021,3175
4094,2162
2851,160
4336,2384
35,1602
4407,618
2218,690
857,2968
2487,2053
1993,4203
4561,3149
4778,1058
4983,1171
2673,773
4564,2197
3138,1030
4044,695
1633,4484
4566,1223
4345,3934
4991,528
188,1298
4217,982
3491,1599
4994,2688
155,4857
1387,2182
1059,1868
3761,2495
879,452
4998,4796
4576,819
1762,65
1942,2591
4068,4806
862,3608
2460,109
814,848
4585,150
553,3890
1862,3698
1329,4648
4779,3979
4804,3272
3986,225
4591,4745
705,1336
1162,3572
1241,3181
3522,1853
1653,2315
49,799
966,3933
1414,4260
4268,2614
895,4438
4814,1648
3836,4961
18,2244
4817,3226
4606,3302
3273,401
1577,2434
2877,3005
3604,2943
3821,58
869,1916
21,865
4135,4505
4833,1967
3706,3991
208,4348
4844,820
2671,3417
4846,3600
4332,103
4281,3004
4851,4865
2999,3154
2325,3495
1471,4803
2739,1512
2865,3113
2395,3699
2205,571
2453,1532
63,4318
2929,293
3400,2640
810,4283
3304,1420
3858,955
4671,3403
4355,4331
3860,4706
4758,1623
4617,3672
3291,2131
2978,1147
3418,3798
4414,4709
4383,1622
4369,1314
989,2762
102,1676
2600,3540
1203,1780
1347,4169
778,1396
2548,433
530,732
4488,4597
4523,2685
221,1840
3888,3849
4432,4563
3646,4347
842,3114
3413,934
1311,3453
844,2726
4031,1555
2871,269
229,2403
127,3177
1237,3275
2015,1446
2094,902
59,4864
2040,4780
1625,4285
2729,464
3420,2008
2081,2977
811,1226
2535,3076
1749,3459
2164,511
1269,4434
255,3936
3384,448
3513,4363
1808,4636
1071,3783
4418,1833
2921,2744
2016,2906
1000,2874
2558,1555
2573,3686
552,932
4607,139
4279,2645
3207,4980
880,2173
3133,3953
3219,461
117,1492
2298,1743
3657,1964
3235,2719
1825,875
2389,4432
2412,3482
362,1908
3804,2977
1238,2569
4927,4577
3751,1552
912,3166
753,1676
2891,4119
2009,4467
514,4986
1756,437
3722,203
3277,4758
1016,1029
4458,961
3792,990
4776,4409
2183,1024
4631,3903
2430,4550
639,1961
2491,4681
3381,1218
4375,115
3516,620
2745,4829
1528,981
579,3237
4477,3297
4481,2929
3430,3131
2226,2661
3221,1266
1886,3712
3911,2970
2366,4184
161,3246
2475,3796
3566,1674
3126,977
3777,3391
1023,2902
1889,1526
3920,2541
4954,4382
1704,1712
2330,1188
4249,3225
4427,2673
2451,569
1628,3884
2986,4241
389,3729
98,3041
123,2973
2256,4304
367,442
690,2688
1351,3860
3893,3104
252,2
4016,1190
1138,340
1979,4310
2850,442
3780,628
253,730
4966,4450
2823,3384
4211,3759
4748,1952
1680,2576
4422,4622
3827,4120
3861,3638
3615,1688
89,285
1165,2053
49,3793
1211,2120
2190,1655
2771,3426
4539,4380
3164,1983
4706,829
538,886
1716,1983
4982,4603
3374,2309
3871,1750
4377,2883
4548,2394
3408,2043
3728,4833
3530,1213
4845,575
4543,4023
3882,3780
1015,360
1731,2297
1533,3319
781,4325
2631,2596
3426,195
4221,226
3028,3884
4995,1006
2307,2940
2495,4255
1415,2434
1058,3365
800,1068
1068,800
2982,1780
4579,604
796,535
3399,3146
748,703
361,3052
405,2987
4589,411
806,1334
3375,2666
2252,3518
3933,4093
3602,3327
1659,2186
3868,1664
4320,3232
3407,4272
3000,2041
1389,4301
1441,3936
4234,1675
3211,3388
3542,1282
3677,1652
3154,1341
360,4803
1195,3340
2732,3283
3291,4339
1365,4864
126,2072
4073,2110
2994,880
4840,1323
4562,3767
461,4879
1743,3211
998,515
4076,1802
3662,2131
4303,3096
3332,1526
3400,1029
4324,2528
1145,1164
3996,2547
1904,4389
511,1076
3578,3149
470,1697
3294,4840
419,4748
4943,1669
3925,1361
1830,792
3113,347
3532,3523
2084,1381
354,2287
2578,2222
2979,1377
1318,2065
4917,580
2833,1447
3488,3133
265,3283
530,468
3900,2214
3508,3761
2170,646
4759,756
4484,385
Total time parallel: 0.05002864223206415772
